0 round of counting
8792363
8766852
8761238
8760612
8760534
8762062
8759384
8794736
8769870
8798237
8956775
9036522
9168819
9300397
152125955
152942140
140101610
8787185
8783098
90657968
91772618
8793857
8794444
8799830
8799042
107280908
107289515
89984852
89995783
639167802
62241389
8765220
8759225
8757871
8764082
1 round of counting
66890227
67123744
67187844
67214908
67183002
67208799
67188581
67292703
37961295
34621619
36150960
35972294
35953496
36185428
162166533
171741773
159884430
35269587
35318984
106753066
107186329
35636174
35587968
35423103
35342861
128625426
127883061
103823365
103905966
586308642
75587266
35151205
35036606
35091977
35134578
2 round of counting
472
305
136
289
203
282
130
1590
195
1929
5145
650
514
417
409294
30889
31917
1585
1293
258652
275958
1995
1869
1815
2096
206541
208189
205295
201244
76689
31521
575
183
109
468
3 round of counting
1071
929
670
879
752
876
642
2470
1087
2506
5936
1146
1068
1131
407252
33413
31950
2295
1976
264226
263912
3049
2928
2671
2675
217927
209884
207529
206498
76476
34275
1308
687
655
1099
4 round of counting
586
633
517
575
563
601
529
707
521
699
682
734
657
732
2441
2204
2039
818
646
1687
2079
833
662
759
684
1465
1458
1587
1596
2886
1817
710
515
524
657
5 round of counting
719
639
277
494
346
475
255
2368
380
2642
7398
1065
954
964
813125
1737891
1200056
2425
2066
493615
510817
2751
2726
2806
2833
396539
416053
425861
425455
16370811
241261
842
295
226
730
6 round of counting
6564462
6563404
6546692
6536364
6554392
6549269
6565334
6578784
6565455
6575726
6624936
6623286
6647416
6671629
45707390
43313779
39243857
6548621
6553582
28781376
29164295
6567350
6566754
6570492
6577089
32041317
32002647
28373770
28369503
193300243
18566433
6577478
6554157
6557809
6561972
7 round of counting
1141159
1137376
1139434
1140225
1132108
1140121
1141369
1140488
1145517
1125678
1130687
1133395
1141732
1126388
1217349
1227223
1233321
1156986
1139446
1201477
1187300
1140175
1155162
1159358
1125892
1187566
1184472
1189894
1182093
1297121
1249092
1155470
1148750
1151235
1145503
8 round of counting
102681
111404
123953
110455
118521
131001
105800
118025
117157
101601
113976
104095
108916
106983
748487
1932050
1437361
100596
108132
470447
476150
126259
104635
98580
108285
408415
428570
430222
424470
17286262
388075
125196
130214
119550
110975
9 round of counting
1251146
1251170
1251079
1251149
1251122
1251168
1251080
1251837
1251101
1251969
1253964
1252357
1252491
1252649
1928603
3126659
2643997
1251807
1251716
1660489
1664285
1251966
1251923
1252008
1252030
1586196
1588392
1592201
1591981
18571970
1616597
1251339
1251097
1251080
1251277
10 round of counting
1086867
1131026
1129859
1119718
1129735
1125542
1116129
1124923
1123930
1127923
1122872
1128167
1117317
1088279
1168281
1208715
1214958
1153202
1142100
1186821
1171776
1137221
1134982
1148009
1149866
1172541
1185299
1158268
1160970
1299651
1242507
1146060
1144915
1142980
1151117
11 round of counting
1261394
1259987
1257545
1259741
1258995
1260277
1257798
1280893
1261036
1285005
1361369
1347151
1385762
1425028
43331571
44401155
40622348
1281964
1276457
26136927
26476081
1289573
1288410
1291979
1286963
30241591
30219681
24393475
24474476
181181987
19278630
1264795
1257753
1257168
1262944
12 round of counting
1261343
1260190
1257744
1259984
1259029
1260503
1257741
1280865
1260832
1284836
1362753
1347501
1385427
1425207
43149819
44418796
40613656
1280338
1276400
26217723
26515544
1295906
1288683
1287292
1286703
30259380
30464425
24929128
24455739
166821098
19286364
1265254
1257708
1256991
1263531
13 round of counting
964
813
594
744
687
745
561
1891
615
2041
5076
885
895
920
392021
22396
19886
1860
2080
238593
240782
2466
2344
2447
2075
189358
184641
189505
188055
30560
21621
1098
552
522
970
14 round of counting
6200056
6200003
6196067
6199162
6197918
6199286
6196162
6231543
6203314
6239554
6365581
6366492
6440754
6507646
92902786
89225965
81767259
6232544
6233305
56169337
56873542
6238460
6238475
6243637
6241831
63695025
63804303
54187213
54227699
365573676
42851210
6207984
6196915
6196217
6204332
15 round of counting
6268949
6267581
6264189
6267746
6266140
6268207
6264454
6302381
6271272
6309669
6440113
6439071
6507926
6576853
93749671
90952587
83052859
6306913
6301799
56650745
57392621
6313622
6309481
6313428
6311355
64217888
64247686
54631153
54608149
374166645
43167033
6275936
6264983
6264141
6273003
16 round of counting
68612
67658
67807
67477
67229
68377
67888
70112
67661
69825
74169
69483
69073
70747
872916
1765597
1287272
69609
68733
555049
567344
70666
69625
69539
68980
453035
457140
465337
465636
16657752
293376
68729
68695
68233
68614
17 round of counting
4939268
4940399
4939250
4940250
4939084
4940690
4938567
4952913
4941561
4955432
5008009
5022464
5053847
5083642
50157611
44821924
41170623
4954198
4951492
30177415
30536697
4953782
4954825
4957273
4957365
33648734
33670687
29900943
29871835
184393951
23604749
4942750
4939617
4937427
4941473
18 round of counting
5007423
5007743
5006520
5007859
5007307
5008034
5006590
5021637
5010504
5024412
5078974
5090967
5122192
5151766
50564004
46554807
42425531
5021338
5018692
30450753
30845339
5024649
5024323
5025965
5025618
33923690
33939331
30162680
30166235
201013598
23875049
5010517
5006926
5006116
5009706
19 round of counting
67817
66714
68725
68017
66786
67571
67474
67879
68250
69528
70143
69269
69206
68654
484004
1748259
1270586
68775
67762
325676
316866
58646
58055
58102
58238
262855
262477
267403
266558
16649135
266244
57968
57805
57836
57952
20 round of counting
373
110
78
64
70
75
73
103
92
86
263
681
161
171
33120
24910
25704
451
71
18599
19115
687
160
681
148
13467
13663
12399
14558
34563
22136
101
81
42
54
21 round of counting
0
1
3
0
0
0
0
0
0
0
0
0
0
0
4672
49
2
0
0
47
245
10
2
0
31
46
14
88
111
46
2
0
0
0
0
22 round of counting
350
89
56
53
51
54
52
86
72
80
207
179
167
144
33721
24962
25810
449
67
21149
19691
681
105
83
97
13907
14930
12795
14908
34349
22050
101
87
60
63
23 round of counting
85519
84903
76307
81236
81981
83915
75859
108740
74533
116447
159159
100731
91348
97788
7396670
998347
971743
114483
103004
4708232
4747327
132749
150651
146451
110380
3643873
3739373
3714929
3824187
1807942
926050
100820
71144
72520
93524
24 round of counting
15
15
14
15
15
15
15
14
15
14
15
15
15
15
65
70
67
15
15
47
49
14
15
14
15
52
52
36
40
245
30
15
15
14
15
25 round of counting
1251426
1251512
1251224
1251532
1251459
1251714
1251336
1255300
1252508
1256539
1276911
1288495
1304015
1318645
16315787
18154445
17005253
1255486
1254846
10343131
10457416
1256333
1256488
1257221
1257035
11829250
11833249
9893115
9896908
65915459
9891464
1252186
1251335
1251147
1252012
26 round of counting
220
162
109
148
172
411
314
690
188
688
1723
538
517
512
141715
51851
51824
580
499
90191
91790
792
640
672
635
69420
70207
70497
71679
48844
31720
291
122
93
239
27 round of counting
1251893
1252020
1251569
1252044
1251992
1252419
1251832
1258182
1253730
1260270
1296682
1323586
1354664
1383992
38480532
35472816
32948674
1258463
1257475
22568150
22873682
1259961
1260139
1261559
1261364
26003399
26007682
22182376
22185791
138232945
18208334
1253097
1251732
1251436
1252858
28 round of counting
5002548
5002548
5002553
5002548
5002557
5002564
5002562
5002668
5002634
5002709
5003399
5007424
5007167
5006806
5840629
6042581
6040616
5002660
5002644
5485482
5497028
5002692
5002692
5002692
5002692
5421707
5420509
5423391
5425285
6655970
6655515
5002572
5002561
5002545
5002564
29 round of counting
30047991
30207555
30244445
30531096
30486457
30203981
30204922
30098343
30060150
30299711
29876638
29819827
30148374
30150398
82206708
106121845
100358530
29539417
29590795
62411941
62118018
29847731
30184676
29999417
30113266
81644927
80527469
61469873
61365744
358953905
35318313
30266298
30259460
29991487
30331778
30 round of counting
0
0
0
0
0
0
0
0
0
0
0
0
0
0
0
0
0
0
0
0
0
0
0
0
0
0
0
0
0
0
0
0
0
0
0
31 round of counting
0
0
0
0
0
0
0
0
0
0
0
0
0
0
0
0
0
0
0
0
0
0
0
0
0
0
0
0
0
0
0
0
0
0
0
32 round of counting
0
0
0
0
0
0
0
0
0
0
0
0
0
0
0
0
0
0
0
0
0
0
0
0
0
0
0
0
0
0
0
0
0
0
0
33 round of counting
0
0
0
0
0
0
0
0
0
0
0
0
0
0
0
0
0
0
0
0
0
0
0
0
0
0
0
0
0
0
0
0
0
0
0
34 round of counting
0
0
0
0
0
0
0
0
0
0
0
0
0
0
0
0
0
0
0
0
0
0
0
0
0
0
0
0
0
0
0
0
0
0
0
35 round of counting
0
0
0
0
0
0
0
0
0
0
0
0
0
0
0
0
0
0
0
0
0
0
0
0
0
0
0
0
0
0
0
0
0
0
0
36 round of counting
0
0
0
0
0
0
0
0
0
0
0
0
0
0
0
0
0
0
0
0
0
0
0
0
0
0
0
0
0
0
0
0
0
0
0
