0 round of counting
363106
153519
447758
369546
449231
483694
497032
456551
9964
1 round of counting
548644
234759
793771
526301
841274
992192
1063192
740408
17243
2 round of counting
13159
5304
12801
13121
12273
12255
12146
12284
496
3 round of counting
13233
5267
12753
12776
12701
12690
12565
12882
643
4 round of counting
321
92
4
12
0
2
1
5
3
5 round of counting
19540
7949
19416
20212
19240
19149
19095
19188
746
6 round of counting
156086
63177
169979
173581
167353
162314
162764
174496
5401
7 round of counting
4
2
0
2
0
0
0
0
0
8 round of counting
6257
2550
6235
4548
1594
1587
1701
1786
132
9 round of counting
6150
2503
6161
6617
6058
5974
6075
6065
244
10 round of counting
69
19
1
0
0
1
1
0
0
11 round of counting
174682
72541
193096
169506
146349
149015
150031
152444
5152
12 round of counting
178359
72414
190393
179619
191118
195605
195374
198212
6368
13 round of counting
9934
4074
10127
10530
9543
9702
9599
9636
455
14 round of counting
325521
132437
355897
333488
313266
315883
316995
331997
9577
15 round of counting
339884
138814
370260
363678
362465
365753
366970
384186
11864
16 round of counting
16375
5934
6031
6205
5499
5537
5573
5695
413
17 round of counting
153719
62790
171888
170245
167938
165146
164669
178752
4729
18 round of counting
159843
64968
178191
179007
173093
170389
169974
184356
4923
19 round of counting
5922
2394
5973
6265
5666
5663
5618
5845
258
20 round of counting
0
0
0
0
12
1
0
5
1
21 round of counting
6
2
0
0
0
0
1
1
1
22 round of counting
1
0
0
0
0
0
0
133
19
23 round of counting
166143
66688
152808
105318
69390
65100
65356
67862
4034
24 round of counting
0
1
0
0
0
0
0
0
0
25 round of counting
44511
18461
52269
47813
51491
52991
53691
53528
1341
26 round of counting
1958
847
1994
2062
1889
1504
1567
1959
97
27 round of counting
82412
34276
100248
91429
97711
100407
101812
103332
2337
28 round of counting
160
45
100
500
0
0
0
0
5
29 round of counting
128859
65609
321522
97253
372988
503126
543133
306236
2432
30 round of counting
0
0
0
0
0
0
0
0
0
31 round of counting
0
0
0
0
0
0
0
0
0
32 round of counting
0
0
0
0
0
0
0
0
0
33 round of counting
0
0
0
0
0
0
0
0
0
34 round of counting
0
0
0
0
0
0
0
0
0
35 round of counting
0
0
0
0
0
0
0
0
0
36 round of counting
0
0
0
0
0
0
0
0
0
