0 round of counting
49071
32954
13094
27968
13155
31852
1385787711
33551
11565
29578
28251
28405
12529
27723
12529
28522
12529
13663
40774
15929
35858
90350
782594093
306558792
42094
81790
143471
189163
2170977
1276005
3833784
13157892
208579794
43527909
463232315
669083554
129960296
130047284
99294305
132862245
157491
124022
3467705
1239148
1466389565
1502472188
1 round of counting
40467
32952
16407
27710
16013
29989
957979103
62638
17559
31090
26532
27239
15105
25304
14884
25938
14959
15980
41785
17705
36104
79930
533787994
176867234
60525
78193
152448
192576
2036686
954468
3338850
13485840
189705058
38277236
400212414
644456567
76923438
76418101
58520121
88067609
167050
125256
2294105
1037862
1495971439
1536829154
2 round of counting
705
830
596
845
583
782
2803671
593
589
686
754
690
542
717
562
695
547
527
792
608
756
908
2529348
2881193
819
920
1217
1270
10064
11704
24928
37612
707389
153617
2127211
2356218
1022544
988250
911906
789249
1064
1102
29352
6088
2531238
2269136
3 round of counting
1100
877
651
795
587
752
2785958
1113
618
828
759
730
565
737
578
713
564
549
780
637
777
916
2588385
2913658
1044
970
1323
1203
9804
9803
23965
38289
948716
201727
2142040
2196142
1004153
985192
875719
890078
1095
1152
22765
5818
2394769
2479355
4 round of counting
396
24
16
17
2
15
1099
491
37
42
7
6
3
12
2
2
3
1
4
2
1
1
778
1117
261
20
51
6
22
9
10
3
103
51
576
958
690
268
137
98
51
7
12
19
1222
1646
5 round of counting
984
1060
764
987
779
1028
4122880
670
726
960
967
951
734
913
696
903
697
720
1010
770
964
1117
3728420
3003455
1008
1159
1558
1559
11789
12854
26791
49968
1130023
268574
2678045
2846939
1034361
1219998
904888
895350
1282
1342
31885
6114
3295872
3602412
6 round of counting
10174
11143
5788
9781
6012
11283
304779752
12900
5701
10675
9909
10121
5920
9698
5695
10052
5783
6040
12643
7052
12847
26472
197958694
104653838
14786
23066
39007
46669
574645
396365
1093023
3251777
57747222
12285802
133174699
177784216
43845442
44208320
33358376
40258162
41333
33082
1073152
296045
330280214
337331105
7 round of counting
405
25
19
18
0
8
19866
584
35
48
8
14
4
6
5
7
1
0
2
0
3
2
8617
7905
261
26
56
14
104
12
108
122
13495
197
1435
11624
7356
2544
1491
687
54
9
19
19
14169
16980
8 round of counting
234
228
172
216
166
221
1704241
243
166
225
229
214
164
227
163
221
163
187
233
169
230
232
1070329
331320
271
286
272
281
636
627
4342
11156
245625
57155
558032
770682
180556
189526
125514
181870
263
255
2250
434
1641508
1687257
9 round of counting
250
234
178
239
181
237
1757210
307
172
241
222
226
174
235
177
238
183
182
244
185
236
250
1087897
348223
308
237
294
301
755
1718
3313
12550
264764
60928
597871
817494
189645
196623
144224
178058
262
267
6284
735
1653330
1637970
10 round of counting
13
0
0
0
0
1
17777
72
2
0
0
1
2
0
0
1
0
0
0
0
0
1
8203
6728
22
0
2
0
92
1
80
120
13389
142
846
9930
6728
2278
1433
822
1
0
2
3
13389
14957
11 round of counting
15348
14149
7553
12408
7400
13225
310753106
15687
7318
12933
11919
12126
7092
11685
6888
11410
6827
7286
14769
8426
14863
29193
186790873
90074092
19281
26503
44207
52272
610675
368552
1074731
3508005
58298057
12306928
130816834
185167103
38019511
37979483
29072521
36216191
46448
36069
965523
301398
374403915
383065849
12 round of counting
15663
13913
7518
12306
7423
12902
311493961
17402
7381
12852
11561
11926
6798
11278
6755
11554
6746
7286
14540
8154
15216
30845
187954900
89826358
18752
25867
44811
53414
606846
370622
1072261
3516438
58424053
12278195
130643956
185300684
38264930
38197766
29186774
36282673
46227
37243
968341
301941
374659167
383328637
13 round of counting
902
765
512
654
508
652
1209254
945
512
634
632
623
485
597
462
593
486
496
654
517
648
725
1171587
1152632
871
765
836
829
5003
5577
8887
14741
465867
103518
1215864
1186762
610994
601667
456569
503612
845
819
11016
2628
1184443
1199163
14 round of counting
24665
25523
12933
22013
13368
25030
702886899
27507
12065
23837
21721
22473
12075
21295
12053
21471
12035
12964
27764
14949
28431
61604
437569945
216706032
32888
52552
92314
111396
1347572
844384
2417602
7688344
130785822
27552488
296322558
410374439
91019370
91056897
69639410
85233291
89465
75978
2254831
670641
799693146
817718480
15 round of counting
26476
25684
13726
23004
13754
25693
704326238
29375
12627
24511
22025
22987
12919
22211
12677
22485
13441
13715
28651
15351
28773
61082
439195733
216842090
34692
53916
94674
110666
1344500
856722
2434067
7706302
131532122
27747802
298464675
412012651
91891861
91943861
70333910
86003474
91067
76292
2299815
682041
801408302
819473197
16 round of counting
1189
926
670
860
670
873
1672460
1254
686
882
838
826
670
825
637
837
626
650
905
663
872
972
1506950
1469037
1178
992
1174
1127
5775
7224
10635
21011
612796
134918
1565540
1551557
738548
739097
557715
618996
1111
1116
14811
3019
1653570
1661315
17 round of counting
9953
12034
5788
10498
6050
12232
392923676
12176
5407
11363
10318
10605
5594
10304
5642
10551
5599
5977
13660
7072
14057
30952
251702854
126723518
15589
27451
49192
57810
736850
488011
1355777
4177448
72940834
15449815
166852151
226328148
53568568
53548877
40994825
49532388
45483
39364
1298984
372102
426600060
435866650
18 round of counting
11100
11815
5884
10627
6249
12345
393345073
12669
5568
11651
10609
10892
5817
10449
5787
10873
5715
6127
13800
7312
14281
31391
252033909
127529722
15767
27611
48192
58257
738415
488082
1355657
4182993
73044433
15469639
167144329
226638000
53679106
53694987
41081982
49650936
45724
39713
1303084
373652
427025526
436340713
19 round of counting
244
225
180
227
176
229
445439
286
172
225
211
213
170
223
170
228
169
177
231
176
237
234
333947
262399
283
226
281
310
591
991
1426
5403
139233
32976
309191
337480
142395
121396
115686
135509
249
254
3837
419
451063
421698
20 round of counting
10
0
0
0
0
0
793
49
2
0
0
0
0
0
0
0
0
0
0
0
0
0
698
655
44
3
0
0
2
1
2
3
220
0
410
693
343
5
2
2
1
0
0
0
476
769
21 round of counting
34
2
1
0
0
2
2
75
21
6
7
9
9
4
3
9
1
1
1
1
1
1
4
80
78
23
14
11
12
12
12
10
64
15
6
138
114
22
1
1
1
1
1
1
1
116
22 round of counting
42
2
1
1
1
2
808
125
19
6
8
2
12
9
11
12
7
6
10
10
13
7
710
733
122
20
17
10
19
13
15
20
250
15
524
822
479
87
346
290
2
1
0
2
1795
848
23 round of counting
17234
9943
7496
9248
6801
8622
12029532
22462
8811
9015
8288
8194
6630
7884
6623
7689
6589
6675
8739
6860
8852
10164
15934729
11092340
20481
12442
12729
11871
79013
57962
126890
338731
6413016
1384538
15364715
20049382
5159421
4935474
3767571
4161614
13132
12099
107285
32086
31305160
32455381
24 round of counting
0
0
0
0
0
0
401
0
0
0
0
0
0
0
0
1
0
0
0
0
0
0
223
74
1
0
0
0
1
0
2
5
80
16
170
268
32
33
25
37
0
0
1
1
627
643
25 round of counting
2541
2878
1685
2962
1857
3334
111163424
3023
1623
3064
3025
3037
1773
2981
1773
2917
1773
1897
3777
2242
3653
7761
73325932
43545779
3974
6837
10934
12875
173082
141704
345866
842593
17586508
3827936
42500843
50781770
17388904
17394603
13293655
15386723
9949
9317
419744
102815
88462633
89963340
26 round of counting
244
178
100
122
76
110
4448
206
92
144
89
112
71
89
60
81
59
63
94
74
151
343
3546
2937
230
191
459
455
4717
1190
6330
30352
396017
79950
772347
1451628
18010
17965
15820
20943
419
249
1044
601
3082568
3166044
27 round of counting
4141
4743
2852
4687
3118
5424
167034804
4962
2758
5014
4789
4854
2987
4701
2987
4688
2987
3188
6178
3754
5990
12037
114320564
71087428
6557
11151
17757
20952
283401
236559
563874
1355857
28866639
6298336
70036994
82898231
29010141
29019016
22163672
25475242
15910
15205
680977
163539
139046854
141310697
28 round of counting
6324
7250
217
7737
215
8319
649771661
12308
176
7764
7569
7586
175
7129
175
8288
175
295
13847
261
9677
37113
287293032
4708060
12953
32691
64885
96024
911253
241891
1368296
7082726
80915583
15748265
154892258
300069148
4457376
4505989
3591167
22045859
85213
56213
559444
523242
835049854
860328456
29 round of counting
3734
6452
1179
2955
1334
4249
405510999
11152
1229
4408
3077
3604
1334
2832
1360
3589
1268
1546
14042
1752
8377
25477
205227217
31539449
15159
29412
70936
98855
1038232
356293
1570417
7526936
93471128
18177554
184750177
336020031
16481857
16892436
12109636
29911898
87933
60435
773022
534348
866699251
891359022
30 round of counting
443
801
14
496
14
586
80062969
1915
0
496
485
485
0
397
0
588
0
42
2507
14
1073
4107
34493781
671
2000
4993
12130
18020
165266
42267
256398
1337400
15036606
2926322
28706545
55896897
669533
678469
505529
4008835
16013
10482
102903
97308
156202951
160931157
31 round of counting
1064
1564
26
1360
26
1405
147639711
3034
9
1360
1330
1330
9
1198
9
1405
9
60
3824
29
2100
7885
63192448
351534
3279
8087
18051
26766
249296
63902
381202
1985455
22430993
4362715
42819716
83386101
1015537
1029076
811129
6043814
24085
15647
154318
146718
235476020
242609555
32 round of counting
170
207
2
180
2
225
20395887
418
0
180
176
176
0
176
0
225
0
6
470
2
278
1153
9342052
224
424
1107
2400
3572
33268
8408
50610
265535
2985222
579703
5680425
11129785
96059
97839
72354
751578
3118
2077
19596
18997
30766010
31700531
33 round of counting
170
207
2
180
2
225
20395887
418
0
180
176
176
0
176
0
225
0
6
470
2
278
1153
9342052
224
424
1107
2400
3572
33268
8408
50610
265535
2985222
579703
5680425
11129785
96059
97839
72354
751578
3118
2077
19596
18997
30766010
31700531
34 round of counting
1677
2572
42
2036
42
2216
248098567
5367
9
2036
1991
1991
9
1771
9
2218
9
108
6801
45
3451
13145
107028281
352429
5703
14187
32581
48358
447830
114577
688210
3588390
40452821
7868740
77206686
150412783
1781129
1805384
1389012
10804227
43216
28206
276817
263023
422444981
435241243
35 round of counting
0
0
0
0
0
0
0
0
0
0
0
0
0
0
0
0
0
0
0
0
0
0
0
0
0
0
0
0
0
0
0
0
0
0
0
0
0
0
0
0
0
0
0
0
0
0
36 round of counting
1677
2572
42
2036
42
2216
248098567
5367
9
2036
1991
1991
9
1771
9
2218
9
108
6801
45
3451
13145
107028281
352429
5703
14187
32581
48358
447830
114577
688210
3588390
40452821
7868740
77206686
150412783
1781129
1805384
1389012
10804227
43216
28206
276817
263023
422444981
435241243
