0 round of counting
62803
24389
9100
9036
9749
9783
9624
17376
11162
11108
9218
5699513991
5287045400
6686963843
6075637497
5880724603
5936307001
5782831963
6949061365
9119
8766
6168202362
6454282937
6637983918
6933263230
1 round of counting
73169
28222
16774
15564
16749
16245
16824
21652
16682
16287
14993
4133654524
4580984075
4914053658
5268545168
6128196489
6146539588
6086002320
6638572018
76487
17368
5144031720
5377090755
5491526375
5007427408
2 round of counting
844
924
678
693
682
670
737
764
680
649
656
37972774
29977200
41364479
32421264
42231725
41785836
41677207
40887997
413
638
28121204
33792156
39227733
41950461
3 round of counting
1287
985
716
697
729
767
705
764
670
649
655
38247187
29590185
40715504
31076492
39724440
42019735
39649496
41602003
1064
685
26701279
34143983
40898285
43791420
4 round of counting
446
34
3
4
17
6
1
0
2
2
0
9496
9660
10924
15890
31772
31045
32461
35400
559
24
15987
16519
18750
11082
5 round of counting
783
1187
962
945
972
945
950
1006
897
866
881
53643583
67213230
58055952
46897979
64630682
64906607
56523469
62545226
558
903
44203215
51828253
71803119
60185323
6 round of counting
16302
9172
4844
4679
4807
5121
5118
7914
5546
5463
4716
1951088641
1980501533
2351455999
2198231804
2332889525
2346447828
2307956530
2730817945
6277
4838
2233672169
2404170185
2549070034
2501107150
7 round of counting
532
37
6
0
18
7
3
2
6
1
0
2735897
1530397
1623613
8829342
31977013
31050185
31849315
31680810
636
24
8869525
8955742
9505255
1464174
8 round of counting
291
255
233
224
212
217
237
241
216
218
219
32064248
45290634
23846029
32202059
61431587
61563860
57094828
62417146
192
204
33676939
34224785
48642633
24790049
9 round of counting
278
364
230
230
226
241
256
281
235
222
224
34922467
46641939
25433696
41216543
93092099
92635114
88754330
93793511
296
223
42504917
43200733
58224518
26131576
10 round of counting
24
0
0
0
2
2
0
0
0
0
1
2735498
1513857
1539760
8792955
31358271
30968625
31725063
31603570
95
1
8908465
9106318
9565317
1523922
11 round of counting
24406
13147
7577
7653
7879
7911
7773
10577
7886
7596
6929
1938458805
2242971383
2365157061
2458897448
2825579565
2810242806
2754801016
3083971125
13010
7559
2425794401
2553436853
2629045887
2400382737
12 round of counting
24966
13607
7625
7235
7352
7598
7921
10557
7891
7580
6996
1938246350
2220292730
2362170352
2471521060
2822564101
2827329213
2764075936
3089372985
14501
7656
2426005248
2570323420
2628962655
2428097538
13 round of counting
1176
760
630
583
634
613
631
655
625
589
585
17551227
12243131
18189801
7594801
18246553
18766764
18201847
18771772
1104
627
6863565
13790095
18186102
19944937
14 round of counting
39653
22341
11216
10789
10871
11776
12290
17825
12540
11905
10461
4179849188
4494880904
5083900777
5024170587
5285255987
5289742816
5198963665
5970277787
18660
10883
4994328581
5246265315
5493665444
5343508878
15 round of counting
41673
22411
12123
11629
11442
12594
12924
18507
13123
12588
11380
4216728300
4538584329
5124357119
5081908031
5391465891
5374828487
5238997957
6066709461
20652
11810
5039339774
5313874006
5554926455
5398021867
16 round of counting
1386
1032
849
852
833
852
863
895
815
810
830
37169960
50887470
37531665
42030329
104670343
104376454
100102892
105278032
1526
826
42383574
49746704
69659222
39219666
17 round of counting
16873
9061
4095
3968
3862
4401
4393
7693
4926
4830
4074
2250343760
2285415698
2746573854
2519281495
2459706641
2489881981
2415285702
2898565256
5015
4077
2567475456
2697179608
2865526209
2954039266
18 round of counting
17306
9382
4378
4333
4232
4664
4648
8072
5130
5198
4335
2278380791
2324095771
2764331764
2557757562
2554286553
2574125825
2524111690
2986135400
5387
4297
2604746948
2741485117
2917975836
2976710200
19 round of counting
285
255
224
233
226
217
244
238
218
229
210
19615881
39249113
19632765
34584328
86185659
86068832
82263227
86981807
272
218
35778185
36216511
51429789
18999845
20 round of counting
8
0
0
0
0
0
0
0
0
0
0
1613
1742
1742
2385
1966
2067
2558
2295
50
3
2217
2473
1860
1706
21 round of counting
28
4
1
0
2
0
0
0
1
0
0
6
895
896
92
90
96
91
88
86
12
16
1722
289
168
22 round of counting
38
9
0
0
2
0
0
0
0
0
0
1846
2565
2228
50271
2642
2739
1887
43565
130
18
1716
3280
1735
1683
23 round of counting
36577
11164
8559
7862
9307
8071
8320
8393
7786
7713
7523
289339527
369477540
329810943
391684159
680872120
740762456
727864471
643045252
63820
8788
372269469
444723460
400959700
314780497
24 round of counting
0
0
0
0
0
0
0
0
0
0
0
1783
1945
2055
2194
2588
2559
2552
2797
0
0
2166
2259
2536
2078
25 round of counting
4393
2528
1175
1175
1104
1313
1295
2175
1424
1418
1208
780919549
770621021
919387707
835062639
823181120
828265334
806959031
944540040
1158
1129
829190828
885533957
924905784
986356306
26 round of counting
507
216
111
87
79
105
98
139
101
74
65
12980016
35577360
24268354
44067170
51240300
49989403
51445633
51048184
206
97
39201616
39288815
33223117
21153060
27 round of counting
7834
4445
2052
2036
1948
2270
2223
4222
2677
2662
2137
1369520372
1264773341
1687900245
1516174692
1435031248
1456640949
1416500810
1727108527
2079
2023
1561662982
1637284894
1624065461
1708007835
28 round of counting
309
195
88
88
79
88
88
111
88
88
88
31001713
32351352
23000191
27500099
31156531
31416794
31376911
31402616
90
88
25500062
27499962
33085812
35000053
29 round of counting
6881
2861
1135
1160
1188
1114
1258
2416
1335
1477
1079
915135297
896235910
1021290146
1055193395
1315532604
1271851050
1262521596
1494778497
4995
1384
1067562223
1102123950
1301797463
1024203246
30 round of counting
13
6
1
1
0
1
1
2
1
1
1
1000000
1999989
999999
1500000
1804183
1908186
1895500
1859400
1
1
999996
1499993
1996629
1999999
31 round of counting
13
6
1
1
0
1
1
2
1
1
1
1000000
1999989
999999
1500000
1804183
1908186
1895500
1859400
1
1
999996
1499993
1996629
1999999
32 round of counting
0
0
0
0
0
0
0
0
0
0
0
0
0
0
0
0
0
0
0
0
0
0
0
0
0
33 round of counting
0
0
0
0
0
0
0
0
0
0
0
0
0
0
0
0
0
0
0
0
0
0
0
0
0
34 round of counting
26
12
2
2
0
2
2
4
2
2
2
2000000
3999978
1999998
3000000
3608366
3816372
3791000
3718800
2
2
1999992
2999986
3993258
3999998
35 round of counting
0
0
0
0
0
0
0
0
0
0
0
0
0
0
0
0
0
0
0
0
0
0
0
0
0
36 round of counting
26
12
2
2
0
2
2
4
2
2
2
2000000
3999978
1999998
3000000
3608366
3816372
3791000
3718800
2
2
1999992
2999986
3993258
3999998
