0 round of counting
47271
65919
7905997
109710
88176
9290
9368919
94208
106152
8738
482320
44970
34671
8900
481374
49386
34932
8609
15452
16914
15490
15548
14315
13667
13583
14382
163184
152600
123764
106139
92391
15194426
15167786
15188955
130731218
13624
19275
18882
28136
30550
30337
17591
29212
29677
112253
130662
14670
17031
17169
32909
88150
239115
5107799
13413885
8056386
497413
13389329
11797150
8053119
6493410
12507419
5109486
9391904
10459634
9873065
10394851
11419787
12272818
11211963
11026122
14499175
9300828
10070071
11636277
10039606
10927796
12293761
11639723
12965607
14433831
1 round of counting
25773
78351
6750427
122694
69628
15068
7674960
102395
77747
14409
339254
63658
29688
14188
339163
69733
30135
13719
23518
25147
22439
22304
20553
19985
19730
20859
114213
105508
86368
75344
72361
11975336
11969253
11953719
119002159
18534
27183
24768
35582
39549
31272
19889
31220
30251
109984
143301
22142
24864
24060
41375
105936
223939
4787410
11234967
7102973
349513
11305993
10107521
7218511
5143726
10496942
4792263
7554220
8847949
8294561
8896423
9733456
10260050
9515649
9437709
12121411
8030378
8517751
10033364
8240860
9225278
10573693
9958560
11444172
12661461
2 round of counting
932
1149
3183
2423
789
603
3031
2429
748
532
2317
2212
603
528
2228
2177
595
545
764
733
733
728
692
705
704
661
731
685
658
686
671
3460
3288
2979
4894
958
806
772
850
822
622
584
634
601
1170
1159
742
735
746
886
1110
1394
3452
3157
3427
2673
3302
3194
3189
3010
3272
3226
2785
2917
2754
2994
3083
3079
3038
3224
3275
2840
2989
2968
2868
3165
3150
3222
3159
3252
3 round of counting
907
1096
3259
2650
1091
573
3166
2485
708
548
2344
2203
597
541
2183
2225
642
532
733
741
736
712
696
690
711
737
692
687
677
709
657
3023
2986
2820
3767
649
804
792
874
900
640
578
614
643
1106
1154
733
732
732
877
1187
1233
2895
3258
3207
2414
3150
3125
2972
3085
3536
3104
2787
2960
2900
3083
3016
3083
3204
3159
3198
2891
2925
2987
2959
3074
3110
3048
3212
3255
4 round of counting
16
5
0
0
0
0
8
11
0
0
0
0
0
0
0
0
0
0
0
0
0
0
1
0
0
0
0
0
0
0
1
4
1
0
1
1
0
0
0
0
0
0
0
0
0
0
0
0
0
0
0
1
0
0
0
0
0
1
0
0
1
0
0
1
0
0
1
0
0
0
5
14
0
0
338
675
31
9
7
0
5 round of counting
1147
1601
4955
3944
1098
823
5035
3768
1031
769
3250
2918
912
752
3489
3430
885
776
1083
1024
1041
1030
971
962
979
960
981
968
969
969
1035
6643
5844
5974
8217
1018
1169
1120
1298
1244
918
829
919
888
1740
1696
1055
1066
1090
1250
1673
1718
5317
5783
5374
3613
5405
5619
5331
4500
5409
5035
4702
5094
5517
5600
5663
5816
5392
5520
6030
4736
4914
5074
5303
5301
5601
5371
5626
5864
6 round of counting
8256
25174
2298230
41732
29033
4904
2555643
36911
32476
4566
174085
22007
13730
4619
173286
23686
13882
4486
7655
8162
7517
7304
6802
6669
6638
6883
46368
43459
36292
31391
30640
3610486
3595337
3551266
34634942
6429
9401
8977
12777
12962
12490
7739
12091
11482
39580
47053
7261
8218
7900
14222
33119
75595
1477601
3334370
2112326
175417
3330108
2971718
2091874
1552144
3009300
1479216
2270382
2582852
2443811
2526836
2747249
2935323
2693812
2656319
3441150
2232658
2393295
2799835
2383027
2600470
2936516
2806540
3155138
3486486
7 round of counting
5
1
1
7
0
0
1
0
0
0
0
0
0
0
0
0
0
0
0
0
0
0
0
0
0
0
0
0
0
0
0
1
1
0
2
0
0
0
0
0
0
0
0
1
2
0
0
0
0
0
0
0
0
6
1
0
0
0
0
0
0
0
0
0
2
0
0
0
0
0
0
0
0
0
0
0
0
0
0
0
8 round of counting
259
450
1999
1306
254
227
2016
1301
325
214
1127
1080
286
217
1091
1064
301
229
311
308
283
299
277
286
299
288
297
328
284
276
288
2774
2770
2871
4591
322
350
341
382
370
288
238
261
253
560
538
371
297
297
381
513
583
2259
2566
2216
1157
2468
2306
2258
1795
2359
1946
2198
2055
2176
2156
2204
2354
2253
2259
2683
2207
2030
2171
2173
2097
2364
2263
2401
2460
9 round of counting
259
488
2044
1404
318
237
2019
1415
336
228
1299
1115
321
242
1226
1100
307
237
325
319
312
309
283
296
307
295
318
292
273
291
285
3375
3050
2935
4456
344
355
342
399
374
283
249
278
257
560
548
307
318
307
396
534
588
2217
2607
2208
1259
2405
2454
2294
1828
2458
2012
2211
2169
2178
2208
2242
2235
2316
2299
2653
2216
2145
2252
2076
2289
2496
2493
2522
2503
10 round of counting
0
0
1
0
0
0
2
0
0
0
0
0
0
0
0
0
0
0
0
0
0
0
0
0
0
0
0
0
0
0
0
0
0
0
1
1
0
0
0
0
0
0
0
0
0
0
0
0
0
0
0
0
0
0
0
0
0
0
0
0
0
0
0
1
0
0
1
0
0
3
1
0
0
0
0
0
0
0
0
0
11 round of counting
12567
31734
2751977
53289
30602
7033
3048233
46518
34487
6800
138108
29538
13519
6381
137068
32063
13389
6175
10124
10881
10039
9626
8998
8986
8887
9145
46547
43775
36605
32289
29866
3258193
3263566
3203713
40755188
8808
12357
11158
15051
16305
13589
8944
13721
13347
40367
52295
9984
11064
10536
16577
40716
73798
1916720
3065613
2153363
140231
3067815
2803768
2179465
1340470
2804673
1913056
2079782
2382640
2192379
2408959
2614979
2718737
2546181
2462304
3227317
2135900
2244131
2694220
2211676
2401136
2739151
2677251
3029159
3369449
12 round of counting
12753
32226
2753191
51420
30114
6765
3048041
46352
33493
6642
137382
29171
13311
6311
135805
31440
13181
6058
10613
11018
9813
9865
9400
8976
8872
9068
46801
43893
36261
31890
29854
3269932
3272794
3204929
40656128
9105
12400
11648
16518
16730
13723
8886
13749
13113
41016
51877
9876
11091
10591
17018
40226
74327
1914703
3074104
2171026
139218
3077183
2810698
2167419
1338013
2803423
1912573
2079582
2372193
2193886
2407716
2614467
2714234
2542354
2470711
3223225
2141435
2249273
2727232
2223615
2408894
2755966
2661570
3026688
3358368
13 round of counting
779
941
2390
2274
911
520
2413
1972
599
497
1954
1869
539
487
1982
1903
524
488
655
617
650
633
610
639
614
641
652
583
587
573
567
2412
2363
2177
2660
551
720
730
742
720
623
525
555
558
907
920
657
658
632
752
926
953
2229
2310
2235
1955
2243
2244
2275
2149
2209
2195
2082
2084
2189
2233
2258
2261
2287
2355
2316
2195
2175
2250
2370
2288
2321
2642
2754
2333
14 round of counting
19573
59852
5801635
96682
64848
10605
6409563
82079
73318
10098
348937
47684
27919
10056
347352
53451
27961
9645
17057
18898
16707
16490
15190
14656
14410
14885
106294
99417
81941
71234
66866
7779296
7771291
7657391
88183532
14126
20755
19383
27445
28829
27236
16389
26705
25524
85201
108561
15987
18153
19431
38617
83110
163468
3802699
7088757
4671300
355354
7073346
6379376
4678881
3262901
6452294
3798909
4883011
5516452
5156308
5536767
6087981
6407196
5933862
5817279
7556201
4989223
5284390
6262685
5246489
5687315
6403652
6156688
6955894
7708192
15 round of counting
20813
60007
5808956
101860
65745
11382
6417081
86532
73967
10561
352100
50084
28641
10844
350511
55155
28830
10219
17801
19238
17421
17324
16078
15455
15217
16119
106441
99519
82065
71485
67431
7726167
7724700
7625854
88139483
14565
21391
20327
29683
29657
27662
16933
26807
25869
86688
107937
17246
18943
18458
31904
80539
163636
3807154
7093133
4676922
358345
7074210
6368844
4682409
3266401
6455071
3805736
4905871
5556879
5200645
5591013
6083314
6403852
5936607
5820843
7558421
4995477
5286656
6266849
5248367
5688654
6465235
6194930
7008489
7753969
16 round of counting
1034
1419
4446
3785
1010
753
4261
3376
916
716
3076
2977
834
726
3032
2983
780
690
967
925
949
950
899
909
886
878
855
828
837
835
825
5026
4899
5126
6943
835
1056
998
1101
1075
840
731
793
792
1464
1444
940
937
929
1083
1420
1544
4195
4824
4289
3333
5087
4731
4556
3974
4503
4025
4290
4407
4365
4518
4533
4760
4812
4546
5123
4259
4121
4377
4354
4353
5078
4862
4658
5054
17 round of counting
8013
28943
3053552
42645
34721
4206
3363704
37708
40257
3986
213121
20056
15177
4007
212775
22809
15161
3916
7317
8125
7056
7115
6533
6170
6104
6452
59748
55774
45662
39494
37271
4463026
4452259
4421739
47387203
5762
8893
8847
13368
13631
13469
7980
13477
12965
44920
56010
6694
8015
7709
14833
38975
88564
1887989
4017334
2520988
217851
4005800
3563187
2518790
1929409
3658104
1887866
2813509
3171431
2985699
3149985
3432632
3670417
3363106
3330972
4299100
2807585
3020919
3515643
2989938
3262883
3680424
3506541
3941042
4356878
18 round of counting
8320
29027
3051539
46534
35278
4514
3368481
39105
40524
4205
214372
21172
15456
4253
213547
23666
15439
4127
7495
8285
7525
7414
6802
6652
6475
6953
60217
56388
46111
39869
37732
4467239
4453614
4432086
47393590
6551
9619
9182
14536
14734
14104
8262
13716
13066
46949
57094
7120
8532
8320
15595
39841
90373
1892478
4070192
2528954
219135
4010546
3567384
2520801
1930926
3659824
1890772
2809757
3156450
2974546
3145182
3433302
3670255
3363615
3331516
4301214
2809718
3022836
3516935
2991863
3264894
3681047
3507698
3941037
4357619
19 round of counting
240
451
1968
1347
304
228
1974
1338
303
216
1199
1036
267
220
1159
1076
280
219
300
304
296
290
272
275
280
276
281
279
265
268
272
2844
2778
2684
4200
280
341
327
358
362
259
234
245
237
543
562
289
297
288
360
513
572
2082
2464
2091
1162
2254
2276
2153
1642
2241
1845
2177
2260
2379
2275
2118
2192
2120
2334
2486
1965
1951
2037
2175
2221
2297
2108
2289
2459
20 round of counting
1
0
2
0
0
0
0
0
0
0
0
0
0
0
0
0
0
0
0
0
0
0
0
0
0
0
0
0
0
0
0
27
20
1
1
0
0
0
0
0
0
0
0
0
0
0
0
0
0
0
0
0
2
0
0
0
0
0
0
0
0
0
0
0
0
0
0
0
0
0
0
0
0
0
0
0
0
0
0
0
21 round of counting
0
0
0
0
0
0
0
0
0
0
0
98
68
2
0
0
0
0
0
0
0
0
0
0
0
0
0
0
0
0
0
1
0
0
0
0
0
0
0
0
0
0
0
0
0
0
0
0
0
1
0
0
0
1
6
8
1
0
55
33
0
0
2
0
1
0
1
2
1
1
1
1
1
1
1
1
0
0
35
43
22 round of counting
3
0
2
0
0
0
0
0
0
0
0
0
0
0
0
0
0
0
0
0
0
0
0
0
0
0
0
0
0
0
0
1
0
0
0
0
0
0
77
92
9
8
11
9
24
20
12
10
15
12
1
0
3
0
0
0
0
0
0
4
10
5
0
0
1
0
0
0
0
0
0
0
0
0
0
0
1
0
0
1
23 round of counting
11642
18559
235328
37003
10519
7741
239976
34466
10055
7569
33659
31692
8013
7200
33366
31409
8124
7326
9888
10085
9586
9623
8924
9337
9128
9098
10569
9913
9675
9628
10227
431162
429833
133650
4189684
9120
11540
10682
11507
11452
8526
7911
8568
8167
19640
20467
9568
9846
9434
11976
17158
24479
167809
406623
328492
34225
436494
435931
424689
100621
484908
166528
231779
434933
261844
441342
499288
412931
446852
335922
469040
402087
375483
545494
313278
385610
504682
477139
589969
655976
24 round of counting
1
0
2
0
0
0
3
0
0
0
0
0
0
0
0
0
0
0
0
0
0
0
0
0
0
0
0
0
0
0
0
5
5
5
50
0
0
0
0
0
0
0
0
0
1
0
0
0
0
0
0
0
2
5
3
0
4
5
3
2
4
2
4
4
4
4
5
4
4
4
5
3
4
5
3
4
4
5
5
5
25 round of counting
1981
6436
781324
12995
9865
1298
950944
11224
11576
1222
60239
6290
4536
1239
60051
6657
4548
1191
1949
2082
1950
1952
1857
1821
1805
1855
16355
15474
12954
11385
9405
761621
760853
762127
9657919
1832
2588
2561
3480
3556
3516
2345
3456
3535
10106
11410
1941
2104
2165
3649
9594
18007
633736
708183
595570
61964
707363
674397
599294
292652
687099
633964
491326
511284
449755
516148
560082
573102
531767
500265
718360
456420
485106
575367
482214
510763
575621
564043
624421
698087
26 round of counting
315
711
35106
771
467
118
33318
683
253
93
713
425
116
92
669
463
110
73
164
175
142
126
112
148
252
130
306
228
193
173
262
15309
15716
13245
514318
146
204
149
276
260
173
90
181
155
546
933
155
163
155
281
718
1036
27503
26165
23523
527
26568
26368
23058
5981
17556
27377
14751
23817
20149
24937
26231
25016
25751
25042
27276
22600
20662
29846
17161
21173
27730
27658
35117
38491
27 round of counting
3375
10465
1315234
20307
16420
2232
1558764
17897
18762
2099
100453
10718
7993
2151
100284
11239
8070
2071
3344
3556
3373
3384
3201
3151
3133
3212
25064
23815
20149
17883
15105
1007085
1006746
1007433
17636663
3477
4326
4306
5790
5925
6001
3979
5843
5940
16007
18350
3366
3552
3700
6027
15380
27776
905481
924728
766643
104688
923250
876058
779701
413455
896851
906141
649287
683319
613351
687868
746403
771965
714873
682683
950975
613761
655188
768459
649429
691576
775817
755687
839117
933330
28 round of counting
1528
16804
3726265
26411
21536
20
4539445
20339
31042
20
43052
1350
1387
20
43262
3605
1387
20
1381
2071
1397
1413
1008
542
542
1034
62204
56850
42608
33908
25818
8655917
8638972
8651440
76972393
20
749
749
3502
5767
4257
587
4225
4731
35679
46555
766
2206
1770
6891
25379
96470
2040175
7552119
4078351
43112
7539028
6510522
4091841
3723587
7025804
2040373
5269050
5980390
5726247
5920822
6530789
7106717
6461439
6420082
8316028
5304277
5783513
6659344
5764550
6325014
7120307
6682732
7480893
8335588
29 round of counting
2337
19488
2052376
17914
14595
1178
2409667
14838
15745
1133
91654
5398
5035
1205
90996
7292
4879
1267
2904
4092
3284
3166
2739
2263
2335
2886
28172
25202
19343
16219
17260
5889596
5876224
6260820
48203852
1444
3086
3098
5783
9936
5674
2655
5609
5511
33747
48917
2405
3895
3842
9758
35238
87231
1556760
5566672
3145260
91313
5599002
4883975
3165289
2719714
5169756
1557817
3738660
4403515
4325411
4403627
4820659
5228986
4777101
4948708
6149806
4034631
4312132
4922476
4136855
4699867
5399113
5007226
5791779
6392478
30 round of counting
141
3206
475547
2073
1633
0
586487
1633
2233
0
15029
475
475
0
15029
604
475
0
293
324
293
293
205
129
129
205
4755
4235
3087
2413
4631
3010588
3004723
3010588
11782795
0
256
256
569
920
821
200
571
416
10588
11696
167
331
267
1445
3968
31406
283215
2623306
1319867
15029
2618718
2229396
1303353
1301138
2398506
283215
1827028
2079335
1996503
2056728
2271731
2473830
2248777
2228764
2880854
1839531
1998554
2299879
2001217
2193716
2473473
2317590
2574519
2871478
31 round of counting
111
2432
346068
1415
1443
0
407324
1107
2043
0
8531
114
114
0
8531
261
114
0
222
274
222
222
169
84
84
169
4162
3772
2806
2223
1968
1714522
1711907
1713439
8376188
0
116
116
365
894
342
48
320
336
5674
7316
125
287
249
1006
3842
17017
230288
1494714
785831
8531
1492301
1283889
788135
743798
1411745
230288
1035399
1182113
1136210
1169329
1291424
1410504
1280164
1276415
1651781
1048419
1146232
1320650
1142649
1256903
1414304
1323569
1480145
1652571
32 round of counting
39
434
54069
719
543
0
61781
543
783
0
722
0
0
0
722
81
0
0
39
64
39
39
31
15
15
31
1612
1462
1084
855
450
147991
147821
147991
1269530
0
8
8
86
192
72
0
92
120
616
1040
23
71
57
184
776
1591
39005
129465
75677
722
129281
114021
76979
63941
128885
39005
89700
102086
97727
101167
111452
121821
110473
111152
144491
91134
100708
116318
99282
109655
122861
115223
130982
146091
33 round of counting
39
434
54069
719
543
0
61781
543
783
0
722
0
0
0
722
81
0
0
39
64
39
39
31
15
15
31
1612
1462
1084
855
450
147991
147821
147991
1269530
0
8
8
86
192
72
0
92
120
616
1040
23
71
57
184
776
1591
39005
129465
75677
722
129281
114021
76979
63941
128885
39005
89700
102086
97727
101167
111452
121821
110473
111152
144491
91134
100708
116318
99282
109655
122861
115223
130982
146091
34 round of counting
291
6072
875684
4207
3619
0
1055592
3283
5059
0
24282
589
589
0
24282
946
589
0
554
662
554
554
405
228
228
405
10529
9469
6977
5491
7049
4873101
4864451
4872018
21428513
0
380
380
1020
2006
1235
248
983
872
16878
20052
315
689
573
2635
8586
50014
552508
4247485
2181375
24282
4240300
3627306
2168467
2108877
3939136
552508
2952127
3363534
3230440
3327224
3674607
4006155
3639414
3616331
4677126
2979084
3245494
3736847
3243148
3560274
4010638
3756382
4185646
4670140
35 round of counting
0
0
0
0
0
0
0
0
0
0
0
0
0
0
0
0
0
0
0
0
0
0
0
0
0
0
0
0
0
0
0
0
0
0
0
0
0
0
0
0
0
0
0
0
0
0
0
0
0
0
0
0
0
0
0
0
0
0
0
0
0
0
0
0
0
0
0
0
0
0
0
0
0
0
0
0
0
0
0
0
36 round of counting
291
6072
875684
4207
3619
0
1055592
3283
5059
0
24282
589
589
0
24282
946
589
0
554
662
554
554
405
228
228
405
10529
9469
6977
5491
7049
4873101
4864451
4872018
21428513
0
380
380
1020
2006
1235
248
983
872
16878
20052
315
689
573
2635
8586
50014
552508
4247485
2181375
24282
4240300
3627306
2168467
2108877
3939136
552508
2952127
3363534
3230440
3327224
3674607
4006155
3639414
3616331
4677126
2979084
3245494
3736847
3243148
3560274
4010638
3756382
4185646
4670140
