0 round of counting
106627
83809
9237
139969
410340
227211
44219
64687
66272
52348
60044
261235
42377964
45055812
45948034
582771833
516721006
512175515
39940061
4375240
1992322541
117512894
3967895
4743944
1422814329
1662774519
1691727033
389990646
486754500
461560204
3642620866
299623327
98525180
2175669
322415
2184872429
3695269992
3949846763
5162677577
5509755027
5865620032
3067521187
3768515743
4058921849
6579280039
6388616596
6357015231
6134926386
6645042178
5666904003
6702043525
6623323610
3476070942
9547556
407006006
65957903
177973086
223827282
473069761
255049470
10612192
288742482
1215382354
911534068
7753844549
8118
1 round of counting
65388
60137
13935
95408
228502
148121
36127
47484
47646
38882
46126
166335
23509632
25116274
25753463
483955859
417123726
412505153
20690424
2370912
2175854066
64541649
2109827
2565393
1534579963
1825273866
1865821581
385357230
503028538
474859538
4456959094
209557063
58889500
1187815
186331
2401100119
4521067509
4858881606
6400374942
6887367901
7395957609
3666659923
4614775731
5003905216
8779007072
8423252694
8350910140
7940764555
8745380972
7123945425
9003891330
8858719387
4109136955
8230698
459139358
66144288
100605082
130573232
540071264
276540050
9303644
332580672
1443899425
1149928346
10701268390
20373
2 round of counting
895
758
560
856
1744
1311
709
673
693
653
775
1103
33858
46370
31850
111336
18517
124363
43737
11652
45524
140108
12921
11168
162087
182523
262549
89124
115710
49791
1006955
331932
147956
13009
1346
386274
608210
602525
649145
213694
762443
241371
247274
584182
870935
729900
761086
780953
690844
720374
1018710
981280
220112
1954
224282
50272
65563
128492
105680
38582
3494
64038
212889
135215
1670050
650
3 round of counting
935
780
480
857
1701
1135
720
667
656
647
731
1176
14560
63361
42132
254509
149589
102384
13162
13929
37358
157922
12313
14239
235710
372214
440611
110880
55277
123479
379633
79945
139678
12733
685
67124
157029
181718
835290
425440
235286
537933
783332
368923
961281
1208720
642182
672317
1003399
580497
792790
922581
226738
1173
101267
5492
256071
197133
55975
22522
7975
60533
319500
89258
1619074
696
4 round of counting
20
9
1
5
2
1
1
0
1
0
0
3
3
2
0
14
6
10
3
0
29
14
1
1
7
11
16
11
8
2
24
10
4
0
1
15
13
16
41
50
57
37
36
47
78
95
39
35
58
55
80
52
46
9
15
7
7
4
5
8
0
2
52
62
56
18
5 round of counting
501
867
637
996
1753
1345
934
850
859
868
959
1518
43861
105547
65211
21762487
17189426
16893808
33356
17798
143923028
187420
14174
13039
99287385
122069415
125554916
19519625
28252031
26215199
315954771
1200892
172943
13667
1359
161900974
320540597
347607300
476999898
514448526
554166153
250854989
327479738
358698314
631812380
608415492
606991974
580750254
643972875
533598885
645558656
637477097
298615211
169533
28858413
2862870
291558
345759
34638139
16034050
215127
21199608
102481137
82971949
753716873
881
6 round of counting
30162
28691
4581
49297
143942
82310
17546
24389
24950
20099
22855
88146
11590147
12219275
12491248
207960247
179951687
177875223
10517278
1546883
959104844
40721928
1381857
1661961
676888437
803679767
822109088
169729137
221222886
207925202
1867022222
103790454
34453017
764068
112245
1055410539
1904136256
2193091868
3141676256
2984784179
3210991928
1551510762
1934020399
2103491316
3692268037
3568973724
3543036207
3399136956
3637568625
3057727509
3774342930
3725818825
1817833248
3908800
199236788
29219013
61810300
78830444
234284286
120997664
4379857
144219440
632428915
491159008
4439659464
5594
7 round of counting
36
12
3
0
0
2
1
0
1
0
1
0
20
0
0
16
6
1
3
2
39
10
2
3
12
7
20
9
3
10
23
9
3
4
0
11
28
17
39
43
34
38
33
29
38
66
40
80
137
55
60
68
44
7
16
7
8
7
9
8
2
1
22
10
76
32
8 round of counting
259
301
186
264
305
257
243
201
265
206
220
279
28285
43143
42541
21707743
17045092
16760719
16244
1785
143883192
30548
1606
1737
99232303
121740462
125302700
19408578
28095314
26131255
315521560
981906
27778
1610
287
161412326
320339161
347407077
476805685
513950038
553935844
250696994
327277603
358545977
630753243
607714229
606088423
580083183
642849237
533261716
644525165
636438475
298092122
166638
28754786
2828994
38617
50981
34556471
16029149
208490
21183590
102257453
82823889
752089343
222
9 round of counting
269
209
178
250
262
311
244
190
253
197
219
281
29003
38212
42650
21700027
17078605
16771554
15259
2086
143871259
27251
1548
1836
99221470
121754752
125298757
19408443
28095675
26175729
315542879
973436
33828
1697
293
161412246
320340028
347395514
476824968
513945647
553937086
250713894
327290775
358561299
630783868
607723629
606086354
580110609
642855068
533262109
644536741
636466438
298100725
164483
28759560
2838573
38902
48235
34573252
16027358
211849
21170473
102257972
82815530
752072533
212
10 round of counting
2
0
0
0
1
0
0
0
2
0
0
0
27
0
0
12
0
0
0
0
6
3
0
0
8
0
0
0
2
0
2
0
0
0
0
1
6
1
1
0
5
2
4
2
1
6
100
32
14
33
3
5
8
1
9
0
0
0
0
0
1
0
9
1
12
1
11 round of counting
33922
30547
7112
49315
113465
77013
19087
24119
23977
19487
22062
85494
11097986
11779325
12020207
134867086
120780812
119675881
10522360
1158003
421580980
31546225
1009689
1257297
302322606
348460852
354062449
88289934
107703590
102573527
733991774
80128279
29281266
546470
91412
458424487
745382190
791166947
1013220738
1074771305
1138648979
629190285
758148633
811887311
1287863996
1249912104
1244557147
1201376622
1285310975
1101056101
1309897633
1295593965
701756910
2270658
85982626
14994758
48118547
60982114
99176070
55393559
2517111
60287365
245895005
179221971
1521664868
8403
12 round of counting
34035
30484
7013
50239
111445
76815
18750
24015
23743
19566
22358
85559
11117854
11774685
11995330
134789873
120743964
119717876
10514471
1158296
421454544
31567216
1009648
1257501
302375723
348332711
354007876
88225565
107698630
102512067
733633210
80192861
29133967
548533
91340
458348705
744392312
791253174
1012134066
1074211963
1138130293
629379632
757817353
810581607
1288349647
1251024916
1243316353
1199409037
1285508970
1101336331
1311464961
1295060231
702147346
2277331
85931452
14969067
47976622
61048555
99214647
55377428
2529348
60313464
245883821
179307352
1521500124
8257
13 round of counting
721
608
459
496
513
570
500
458
444
429
438
497
922
899
878
3697
3305
3256
865
668
12299
2810
654
630
8593
10520
10959
3035
3670
3450
23537
2536
1849
669
515
13966
23515
32302
49467
50785
58199
27956
37435
37158
754937
649220
592596
461716
426369
57085
835220
783955
33797
829
3815
1195
2515
2219
3805
2361
736
2442
7882
6810
1657771
763
14 round of counting
67917
63458
10947
109342
290879
175692
38538
52464
53477
42507
48723
193518
25314049
26727227
27284168
302805956
271824584
269531355
23768258
3090342
1040802681
80505894
2750466
3335848
748340819
865745498
880850119
219411853
269913388
255917812
1997467098
198432310
70699321
1520292
220198
1130452136
2019645669
2143542807
2689895609
2884070852
3074831262
1696853881
2066194712
2204003139
3459242865
3347684494
3331127318
3201009328
3531841061
2974795580
3613369367
3490653413
1799839318
6144248
226686279
39626535
121801263
154243832
262193315
144024161
6786477
161239821
643669487
498032419
4068195771
11446
15 round of counting
68916
65158
11691
109684
291201
175725
39018
53246
53720
42955
49126
193843
25336927
26743569
27310526
320845598
286234681
283420107
23782089
3092431
1155115683
80441479
2752364
3337501
826732101
962160804
979740122
234705181
291955481
276213902
2231148988
199238367
70668644
1521453
219940
1258407386
2259821793
2404822925
3058987887
3278946256
3499541152
1886072213
2310630381
2474211232
3953754787
3822404103
3802755842
3652456863
4023391465
3379522006
4036715990
3982129692
2032246979
6263431
248582861
41805908
121648124
154232175
288500807
156258285
6951788
177355837
722490533
560241642
4662544917
12357
16 round of counting
978
760
648
790
782
786
715
702
706
654
711
787
26184
36036
38684
18080398
14164307
13893792
12674
2261
114168836
18761
2266
1975
78581899
96229828
99085417
15301060
22054400
20590059
234096952
870961
20114
2968
823
128103101
239308736
261953429
368752976
395455241
424846613
188297219
241453352
269840801
494209631
475317875
473501569
452313490
492536395
409048019
505050057
498544510
234102450
140583
22030364
2208538
30284
38103
26453460
12381777
175638
16177695
79299609
62541431
596065242
868
17 round of counting
34964
33999
4182
59551
177861
99052
20088
28839
29323
23374
26929
108339
14165254
14938510
15272029
167995563
151075278
149736207
13249974
1932508
619418703
49043078
1738532
2079994
446303182
517350325
526549707
131121712
162097301
153095666
1263214332
118183533
41393134
972041
128453
672233922
1274838950
1351370206
1677316445
1809663720
1935277030
1067573821
1308314015
1392937015
2171541602
2096799819
2088395775
2001120370
2246596791
1869518620
2220839416
2188778459
1097118027
3858540
140567509
24634515
74139569
93672932
162882957
88608754
4265573
100908751
397575882
318718313
2546703510
3741
18 round of counting
34986
34192
4339
60033
178347
99439
20227
29090
29644
23549
27215
108817
14201049
14986074
15313473
186032586
165260326
163626430
13258096
1934005
733592968
49176282
1743176
2080729
524790342
613604158
625625079
146425081
184147090
173615413
1497503363
118999828
41451323
973752
128535
800181912
1514235820
1613643243
2046272888
2205287132
2360203017
1256026013
1549983041
1662910605
2665159662
2571686806
2561287536
2453274986
2738724989
2278643632
2725163555
2686418880
1331067182
4006090
162657070
26846998
74456454
93712932
189348329
100992283
4447215
117064371
476895592
381375132
3140979538
3961
19 round of counting
250
208
187
249
1011
456
276
201
266
211
217
399
26247
33788
38420
18074806
14164403
13894129
14817
1411
114136718
18282
1375
1308
78550527
96218922
99087029
15295336
22043053
20601747
234196053
866486
21188
1728
763
128133377
239264722
261939636
368718375
395451078
424728995
188273883
241456692
269894382
493437606
474821421
472873814
451969647
492061110
409049948
504314712
497838596
234085437
140619
22048959
2213165
31124
36314
26456897
12371937
175690
16168777
79274253
62543001
594266491
198
20 round of counting
1
0
0
0
0
0
0
0
0
0
0
0
4
0
0
18
0
0
0
0
24
0
0
0
1
0
0
0
0
0
16
0
0
0
0
1
86
18
322
137
592
95
11
6
603045
507578
449720
341340
300937
610
663516
624812
82
0
2
0
0
0
2
1
0
0
0
1
1773533
11
21 round of counting
1
0
0
0
0
0
0
0
0
0
0
0
3
1
1
60
30
2
0
0
3
0
0
0
2
1
1
1
1
1
2
1
0
0
0
2
2
1
263
258
511
116
5
1
79023
67008
59745
46278
40782
438
86329
81781
301
36
1
0
0
0
2
2
1
2
2
2
217165
39
22 round of counting
5
0
0
0
0
0
0
0
0
0
0
0
11
2
1
21
2
3
0
0
28
0
0
0
1
1
2
1
2
3
17
0
0
0
0
2
3
6
608
263
1280
537
17
7
680579
573605
510116
386873
341893
1320
750750
706444
433
1
3
1
1
1
2
1
0
1
2
1
1988044
61
23 round of counting
13367
9965
6720
11383
8971
15083
8120
7737
7513
6575
6811
12597
627942
642893
671958
4820569
4620020
4607803
518989
27175
12972327
1503241
12115
31545
9387024
9896115
9980620
3982008
4481737
4289145
22430500
5969607
2425923
14090
11145
13083994
22751163
23112101
22623411
23561833
24897676
21271318
22994205
23295431
354891838
300202495
268238393
207265877
188735485
24399355
390064107
367561649
17624572
131226
3266359
785574
2511708
3656346
3590273
2315588
143817
2199771
6737878
5027675
647027834
11893
24 round of counting
0
0
0
0
0
1
0
0
0
0
0
0
10
10
11
202
175
172
9
1
909
27
1
1
641
764
780
161
211
198
1864
88
25
0
0
1003
1890
2031
2678
2880
3092
1533
1929
2092
3588
3472
3423
3270
3606
2981
3678
3632
1719
4
193
27
42
55
226
116
4
139
605
481
4271
0
25 round of counting
10152
10343
1256
17749
54177
28696
5922
8697
8905
7060
8002
32378
4148076
4376738
4463924
52050276
46358096
45907175
3927166
592159
197994854
15147033
542840
637062
141164540
164659986
167886538
40239920
50357558
47473329
398781348
34189291
12168909
277158
40073
215651032
403136111
428877043
541443458
582812500
623066984
336022108
412664464
441944914
691393263
669030558
667370572
641354163
715570918
601809685
705842045
696550167
355188535
1144887
44030957
7432079
22734066
28590831
51149939
27465787
1266664
31564726
127474560
101192516
806337786
1100
26 round of counting
670
480
135
735
419
1048
280
284
257
209
239
1068
93078
96690
97582
684428
643358
644528
75127
2719
1730554
221866
324
3269
1248414
1313513
1333824
569509
629454
605742
2931268
893447
364372
622
718
1733789
2972033
3049344
2722138
2860013
3037979
2950020
3023421
2991872
3493397
3339288
3302823
3126522
3504531
2904610
3597172
3564480
2243755
17603
436973
107725
353874
539272
483021
316688
19264
292782
885946
635962
4112069
169
27 round of counting
18309
18486
2251
31844
94909
50888
10317
15363
15722
12354
13970
57607
7415293
7813462
7967018
87851813
78699258
77995835
7232638
1023360
292934191
26739319
929282
1107086
209833322
242584159
246840890
61070777
75117394
71222220
545894249
56825314
21386738
480520
70398
318240168
552910177
586606614
740208311
790805710
840942529
466274171
564468936
602729794
933510956
906224868
903037675
871142672
953486588
813869129
951148355
939875713
502185923
1723345
62457603
10870666
39782945
49353062
72148754
39615237
1902085
44088512
177674902
134890897
1087793489
1944
28 round of counting
830
867
46
2235
2526
6294
410
656
672
518
586
4239
1927756
2081140
2163512
55902222
47551682
46866878
891054
27408
386296668
7512986
22006
29426
272598878
328569191
336927376
67971707
91252971
84556508
956909884
33470099
6685801
24674
25730
426254349
963471857
1034726961
1326443328
1452267053
1571785109
775069786
992237668
1073714260
1748991076
1680678883
1679591948
1600541918
1856204813
1510567929
1793162716
1764614657
797239921
1835923
93867861
13714142
12983301
18057646
111124652
54968682
2060976
70118630
292607257
257514446
2051467360
16
29 round of counting
6648
6984
912
13262
39281
17077
4560
5913
6459
5442
6910
23779
5663241
6243114
6375958
256903209
214360879
212087827
4119324
423234
1334289037
5910481
405941
462707
933689209
1125157263
1152785811
213690747
289034474
273016047
2794415238
62140135
6551605
285564
19828
1484944247
2838352680
3068634825
4136231154
4454399292
4793391006
2263543717
2895919650
3160936271
5503605907
5304624806
5277947923
5048903456
5579243962
4611939479
5629366982
5551102883
2619146765
3590346
275338123
35067400
10361605
15498068
326205998
161241845
4155556
200873698
910923086
730642532
6602412536
514
30 round of counting
0
0
0
0
0
0
0
0
0
0
0
0
0
0
0
0
0
0
0
0
0
0
0
0
0
0
0
0
0
0
0
0
0
0
0
0
0
0
0
0
0
0
0
0
0
0
0
0
0
0
0
0
0
0
0
0
0
0
0
0
0
0
0
0
0
0
31 round of counting
0
0
0
0
0
0
0
0
0
0
0
0
0
0
0
0
0
0
0
0
0
0
0
0
0
0
0
0
0
0
0
0
0
0
0
0
0
0
0
0
0
0
0
0
0
0
0
0
0
0
0
0
0
0
0
0
0
0
0
0
0
0
0
0
0
0
32 round of counting
0
0
0
0
0
0
0
0
0
0
0
0
0
0
0
0
0
0
0
0
0
0
0
0
0
0
0
0
0
0
0
0
0
0
0
0
0
0
0
0
0
0
0
0
0
0
0
0
0
0
0
0
0
0
0
0
0
0
0
0
0
0
0
0
0
0
33 round of counting
0
0
0
0
0
0
0
0
0
0
0
0
0
0
0
0
0
0
0
0
0
0
0
0
0
0
0
0
0
0
0
0
0
0
0
0
0
0
0
0
0
0
0
0
0
0
0
0
0
0
0
0
0
0
0
0
0
0
0
0
0
0
0
0
0
0
34 round of counting
0
0
0
0
0
0
0
0
0
0
0
0
0
0
0
0
0
0
0
0
0
0
0
0
0
0
0
0
0
0
0
0
0
0
0
0
0
0
0
0
0
0
0
0
0
0
0
0
0
0
0
0
0
0
0
0
0
0
0
0
0
0
0
0
0
0
35 round of counting
0
0
0
0
0
0
0
0
0
0
0
0
0
0
0
0
0
0
0
0
0
0
0
0
0
0
0
0
0
0
0
0
0
0
0
0
0
0
0
0
0
0
0
0
0
0
0
0
0
0
0
0
0
0
0
0
0
0
0
0
0
0
0
0
0
0
36 round of counting
0
0
0
0
0
0
0
0
0
0
0
0
0
0
0
0
0
0
0
0
0
0
0
0
0
0
0
0
0
0
0
0
0
0
0
0
0
0
0
0
0
0
0
0
0
0
0
0
0
0
0
0
0
0
0
0
0
0
0
0
0
0
0
0
0
0
