0 round of counting
40322
16006
30477
28681
34844
38522
257578
263304
358067
1075743
9011851
2810506
2818351
2972926
4834582
11870632
100676646
30808970
30730390
44046833
53165448
64300478
75079801
91883049
99974637
109203808
124112497
129721520
21016
51812
80870833
26246
32729
33616
1 round of counting
37884
23068
50594
44170
51269
53488
342017
362526
432427
906707
6165624
3414566
2795810
3368276
4621145
9041809
67666270
30652782
32676308
43874923
47743652
56914722
63367933
74819949
79459604
85829094
95190116
98305338
56302
67280
56247839
41587
44684
45645
2 round of counting
1432
971
2121
1765
1906
1813
11593
11963
11798
11768
12284
108426
43759
104176
70904
107452
35843
738931
735167
720190
680325
619267
700325
790320
900946
987523
725306
798082
1176
2094
3909
1612
1561
1617
3 round of counting
1471
954
1961
1678
1811
1742
11440
11874
11873
11899
11921
82974
71720
86970
77147
130696
125720
888380
769220
791271
701870
752381
723361
619527
732020
650336
670967
743563
902
774
15251
1794
1539
1592
4 round of counting
13
6
5
0
0
0
8
15
8
13
2
0
5
366
458
32
31
844
1118
1339
1702
1454
2210
838
1725
1625
1223
1144
352
21
73
9
3
361
5 round of counting
1885
1420
2997
2501
2741
2683
17347
17693
17966
18066
20358
124303
133023
93303
112202
157351
218855
1217262
1139411
1000066
1252501
1186573
1121330
1129346
1437138
1293738
1375910
1331167
729
1251
14714
2440
2287
2349
6 round of counting
12449
6953
17481
15674
18481
19689
126789
131010
146432
413420
3302332
1243279
1328584
1263087
1843536
4490355
36424555
12451858
12707306
17573632
21164488
24834657
28854491
35101717
38011560
41408337
46728313
48618135
13451
25416
30236557
14366
16435
16950
7 round of counting
14
3
0
0
0
0
10
10
2
3
6
18
32
473
562
463
607
1907
3347
2335
2220
2468
1831
2075
2634
3209
2284
1342
447
11
53
0
5
0
8 round of counting
551
397
931
782
854
820
5159
2574
2638
2913
4744
48220
46943
39170
40977
63133
98442
412842
440642
452984
465097
500213
554200
603561
548471
582283
624008
613496
281
485
10819
784
772
775
9 round of counting
600
402
928
780
877
858
5961
6103
6205
6418
8460
58418
33441
26841
52029
59799
104572
429720
433561
454633
466844
514956
565429
578016
565359
585913
602095
654023
567
928
10261
714
706
727
10 round of counting
3
0
1
0
0
0
1
2
0
3
2
7
13
8
16
117
114
547
394
518
359
602
948
852
840
1355
1404
2112
68
6
16
0
0
0
11 round of counting
18199
10412
23233
20944
23852
24586
155699
167360
193908
371100
2361651
1307570
1251151
1494565
1993374
3656530
25940174
14142629
14786639
18786974
20555416
23821649
25701316
30248542
32574119
34575252
39207767
40948636
15417
23068
21314305
21533
20291
21195
12 round of counting
18111
10416
23362
20965
23794
24133
157497
166590
197385
373048
2348345
1211890
1585983
1704642
1907778
3991834
25990310
14848830
14905518
19729125
20278127
23584886
26372496
29910140
32671912
34441265
38273134
39741459
17931
30205
21188644
19091
20480
21243
13 round of counting
1160
811
1659
1397
1447
1458
9073
9385
9484
9456
9512
88930
74569
43064
63723
69152
71552
517782
778305
665509
520672
527624
539676
428416
505373
563473
516646
484686
874
676
3315
1367
1296
1338
14 round of counting
28296
15721
36598
33388
39404
41756
265492
281951
356070
874074
6628323
2571455
2539846
2685068
3989657
9277001
72872945
26070631
27259258
37122391
43506164
51437931
59555567
71227769
76836771
83424976
94792205
98085266
24710
47806
60750626
31467
35301
36796
15 round of counting
30379
17083
39340
35669
41576
44113
282987
300672
379639
888072
6633422
2658117
2753295
2719330
4364653
9411964
73226985
28084641
28363254
38380334
44984267
52925186
60666699
72925659
78713911
84870067
95619017
99821511
25608
49254
60755476
33669
37347
38408
16 round of counting
1759
1249
2608
2519
2548
2365
14745
15362
13671
6014
6885
83419
62809
142822
121605
145561
105201
1003897
1298177
1023500
1180619
1141333
1045576
1141821
1061531
1103565
1316245
1386273
1987
2952
11191
2624
2336
2277
17 round of counting
11776
5934
15055
14053
17091
18845
120875
126556
170741
510332
4277774
1242373
1269518
1352883
2276215
5536438
47141842
13254802
13631937
19705841
24152493
29299361
34424125
42205066
45864555
50132715
57000497
59695416
11091
25892
39415932
13032
16094
16610
18 round of counting
12479
6336
16202
15102
18189
20002
128459
134537
181375
518543
4289090
1328968
1371276
1429493
2340256
5623008
47280575
13619018
14056279
20194285
24622187
29776181
35038686
42700803
46539089
50688503
57607137
60197509
10807
25493
39433079
13798
16918
17277
19 round of counting
578
442
958
833
878
873
6060
6186
6277
6556
7652
27869
54799
44707
44762
39036
66083
500484
441882
456361
486922
517494
449171
551359
612255
548426
615233
609811
582
942
8060
710
708
725
20 round of counting
0
1
0
0
0
0
0
0
0
0
0
2
29
69
2
68
18
75
149
106
54
203
92
122
106
126
113
216
13
0
36
2
0
0
21 round of counting
5
0
0
0
0
0
0
0
93
358
330
2028
28
1
74
0
314
317
544
56
72
353
536
184
148
2558
319
437
27
1
2
0
0
0
22 round of counting
2
2
0
0
0
0
1
0
0
2
20
38
6
128
69
9
147
409
461
1084
400
313
183
1000
514
640
587
541
38
0
61
9
2
0
23 round of counting
19962
13429
29063
25698
26667
25919
168580
168313
176358
179233
200219
772692
1574181
852194
819437
1558136
1498217
12306777
13061271
12132216
11742334
12944576
12553414
12129747
12393872
12030367
11718371
11559808
27128
28725
485564
20760
26922
24784
24 round of counting
0
0
0
0
0
0
0
0
0
0
3
1
0
3
3
3
28
31
36
115
26
30
71
34
35
57
89
52
0
0
27
0
0
0
25 round of counting
3108
1620
4212
3978
4821
5272
34940
36018
48344
141216
1167694
378361
381063
412439
635608
1533495
12841273
4181071
4161953
5877980
6974508
8365163
9714910
11824108
12834111
14001016
15893055
16576387
2892
7090
11109949
3647
4457
4612
26 round of counting
358
191
386
350
405
382
2170
2759
3128
3360
5715
19484
25061
28481
29019
28264
49162
176652
232082
273017
271023
272863
281456
286768
287462
282921
292047
299546
304
436
61587
364
312
345
27 round of counting
5220
2680
6979
6595
8034
8858
60687
61677
84179
257467
2170216
682629
677130
713243
1163800
2888650
24635132
7742803
7589935
10883640
13061264
15835752
18490066
22653190
24657275
26944497
30647755
32048064
4822
12034
19616930
6050
7526
7759
28 round of counting
0
0
3
0
0
0
0
14
14
42
42
0
226
226
478
478
478
0
4054
4054
4054
4054
4054
8150
8150
8150
8150
8150
0
0
6
0
0
0
29 round of counting
2590
1199
3577
3220
3951
5164
32445
38300
59373
228546
1976612
366025
351489
389353
796099
2343920
21866324
4191394
4319477
6999352
9549072
11987824
14856569
18449654
20500543
22718539
25593298
27307418
5630
9073
19235058
3318
4240
4497
30 round of counting
0
0
0
0
0
0
0
0
0
0
0
0
0
0
0
0
0
0
0
0
0
0
0
0
0
0
0
0
0
0
0
0
0
0
31 round of counting
0
0
0
0
0
0
0
0
0
0
0
0
0
0
0
0
0
0
0
0
0
0
0
0
0
0
0
0
0
0
0
0
0
0
32 round of counting
0
0
0
0
0
0
0
0
0
0
0
0
0
0
0
0
0
0
0
0
0
0
0
0
0
0
0
0
0
0
0
0
0
0
33 round of counting
0
0
0
0
0
0
0
0
0
0
0
0
0
0
0
0
0
0
0
0
0
0
0
0
0
0
0
0
0
0
0
0
0
0
34 round of counting
0
0
0
0
0
0
0
0
0
0
0
0
0
0
0
0
0
0
0
0
0
0
0
0
0
0
0
0
0
0
0
0
0
0
35 round of counting
0
0
0
0
0
0
0
0
0
0
0
0
0
0
0
0
0
0
0
0
0
0
0
0
0
0
0
0
0
0
0
0
0
0
36 round of counting
0
0
0
0
0
0
0
0
0
0
0
0
0
0
0
0
0
0
0
0
0
0
0
0
0
0
0
0
0
0
0
0
0
0
