0 round of counting
232620
196552
155703
162054
167641
148777
137562
158443
156538
147195
168126
157489
156387
151891
180463
174726
178086
176668
167029
164339
213483
183575
172586
168161
214967
244358
259108
205448
283773
208539
205737
211137
248005
226852
189531
291270
266343
238220
223092
401090
351761
161979
223443
230793
176664
176226
176785
171364
160974
234600
374800
981265
4515244
8985504
1061234
5178070
10543326
1043881
5048898
10236421
1165938
5961978
12411939
180953
180868
181959
182408
18687423
178120
18362488
4853824
16969737
8334285
18367772
9222368
1810483
1820963
1808313
1774076
1929385
1910553
1911662
1894577
1847316
1828232
1852708
1807328
1898994
1866262
1862752
1868801
17814996
17334685
827053
984371
1633339
1644476
21089777
20428166
20667380
20823615
20890237
19892436
20929447
1 round of counting
291289
264308
198333
213221
223865
188979
167004
197789
189931
180068
216484
200051
189543
186736
224078
227400
228743
232480
204363
206758
264379
225768
218428
214441
270287
302017
328431
233971
344248
262874
250441
250405
282164
265807
224578
335546
316605
286196
271128
458506
409797
207855
275566
278569
219153
213763
212488
211546
194143
292677
416293
892280
3712787
7324189
1113703
5314982
11051265
1040086
4994427
10304720
1210700
5875424
12328161
238758
228900
222703
222383
14805474
230412
14882936
3989685
13820844
6739707
14432940
7166549
1852949
1877780
1888814
1835860
1960044
1957784
1953183
1950114
1885318
1874425
1900113
1866116
1952313
1891617
1897503
1915513
18959062
18303890
855357
1018364
1646289
1663467
21889395
20235273
21771900
21625119
21627661
18709610
21020459
2 round of counting
1654
1608
1582
1397
1383
1391
1337
1440
1367
1397
1468
1379
1351
1373
1474
1437
1410
1421
1446
1456
1495
1440
1399
1415
1490
1818
1725
1535
1785
1593
1524
1583
1762
1553
1480
1734
1710
1602
1580
2086
1997
1385
1658
1675
1580
1475
1402
1510
1464
1617
2164
4665
17899
31875
4235
17880
34579
3920
16839
26289
3385
12308
22094
1526
1487
1423
1438
71015
1592
65984
13858
51497
22397
51219
25189
5485
5169
5852
5991
5851
6215
6084
6065
5509
5931
6125
5295
5792
6377
5725
4960
41978
44313
3285
3820
5494
4465
72420
69925
58014
60583
61834
63194
65842
3 round of counting
1668
1647
1471
1368
1660
1473
1305
1427
1350
1370
1350
1395
1457
1452
1490
1471
1406
1369
1431
1439
1689
1485
1374
1439
1523
1863
1802
1690
1745
1599
1540
1664
1728
1681
1672
1785
1673
1571
1553
1921
2009
1506
1620
1625
1475
1472
1492
1602
1490
1646
2256
4592
18164
37255
4679
18197
34141
4068
17985
27324
3708
14030
24688
1450
1410
1295
1416
73847
1501
70253
16649
47723
27373
52240
25870
6621
5558
5891
5637
6187
6803
6218
5333
6193
6332
6083
5822
5579
5916
5495
5400
42007
35188
3164
3701
5212
6029
65108
65907
57231
67649
59726
58112
64540
4 round of counting
56
15
1
0
0
0
5
0
0
0
0
0
1
0
0
1
0
2
0
0
1
0
0
1
1
0
0
0
0
0
0
0
0
1
0
1
0
0
0
0
0
0
0
0
0
0
0
0
0
0
0
0
0
0
0
3
0
0
0
1
0
0
0
0
1
2
0
2
0
0
0
2
2
0
0
0
1
0
0
0
0
1
0
0
0
0
0
0
0
0
0
0
2
0
0
0
0
2
0
0
0
1
0
0
5 round of counting
2356
2051
1884
1807
1930
1812
1733
2070
1806
1874
1786
1800
1815
1707
1880
2104
1876
1813
1789
1896
2074
1992
1937
2000
2120
2554
2282
2214
2358
2209
2151
2183
2289
2270
2079
2742
2370
2224
2039
2895
2873
2000
2238
2262
2056
1842
1943
1967
1971
2411
3131
7376
37589
77293
8019
46683
110602
6831
40192
90269
6750
41024
80008
1988
1958
1860
1863
150109
2003
151608
36266
146465
58591
132878
71804
13135
13161
12916
12541
14391
13021
12951
12283
13623
13017
12930
12749
13121
12562
11774
12337
177943
160927
5353
6355
16294
10469
213128
191983
219008
211320
223963
168503
197347
6 round of counting
83797
81478
65353
69483
69485
61927
55956
63281
62077
59971
67312
64878
63079
63282
72956
70974
72428
74471
69432
68689
86966
74314
70397
69021
88363
100334
106417
82339
115515
85410
82712
85133
98561
90921
76555
114760
104054
94915
87746
159852
141482
67627
90314
92404
71626
72108
71629
70955
65043
94697
146576
359623
1601234
3164510
414349
2003976
4107948
398222
1919677
3880261
405064
1901156
3857616
74817
73042
72320
72571
6440524
72894
6430459
1694988
5975036
2803799
6197355
3088023
703665
699683
700627
685406
740176
735416
736568
726147
712811
702032
712974
695214
729397
715525
715533
713454
6965568
6718153
321216
378822
630348
630987
8271834
7909587
8164002
8073107
8216336
7356560
8066088
7 round of counting
54
26
3
1
0
0
0
1
0
1
0
0
1
0
0
1
0
2
0
0
0
0
0
0
2
2
0
0
0
0
0
0
0
0
1
0
1
0
0
0
1
0
0
0
0
0
0
0
0
0
0
0
1
1
1
0
0
0
3
0
2
2
0
0
0
0
1
6
0
2
0
0
1
0
0
0
1
0
0
1
0
0
6
0
0
0
0
1
0
0
0
2
3
0
0
0
0
3
3
0
5
1
3
0
8 round of counting
534
485
471
482
552
568
426
485
509
415
417
423
431
450
510
459
533
443
454
435
564
530
490
472
543
774
738
575
652
563
606
636
711
574
601
738
763
589
731
1201
960
488
650
605
570
489
466
520
423
723
1009
2574
19926
41738
3016
29777
74523
2963
24462
53826
3444
25752
57686
474
496
454
457
87492
493
88290
19249
86620
34372
86985
41053
7273
6745
7197
7217
7525
6580
7320
6627
6306
6819
7648
7095
6585
6455
6098
7188
137566
122966
2161
2776
5814
5681
156143
127193
165075
141947
159910
100557
131113
9 round of counting
562
501
501
501
628
533
504
536
519
500
445
490
521
560
492
485
487
493
520
475
695
596
522
508
687
817
552
727
695
580
619
636
682
594
634
699
657
619
572
1121
1156
509
612
555
490
486
497
619
457
586
937
2511
20079
43553
3255
30320
74621
2842
23937
54431
3278
26998
57144
497
510
478
502
87814
542
87031
18977
90597
30967
83539
39678
6514
6537
7042
7122
6990
6827
7301
6700
6311
6245
6493
7604
6718
6380
6297
7063
134831
120012
2169
2556
6117
5581
153487
126831
165269
142164
164677
99521
128254
10 round of counting
8
2
0
0
0
0
0
0
0
1
0
0
0
0
0
0
0
0
0
0
0
0
0
0
0
0
0
0
0
0
0
0
0
0
0
0
0
0
0
0
0
0
1
0
0
0
0
0
0
0
0
0
0
0
0
0
0
0
1
2
0
0
2
0
0
0
0
1
1
0
0
0
1
2
0
0
0
0
0
0
0
0
0
0
0
0
0
0
2
0
0
2
3
0
0
0
0
2
4
0
3
0
2
0
11 round of counting
137828
122701
95996
99837
104891
91536
82040
92240
87841
85738
101207
94464
91022
91175
103070
103688
105130
109347
96424
97750
123891
105640
102051
99524
126993
144224
152361
110832
161163
122405
119503
124600
136194
128411
107951
155253
145224
131707
126898
214222
192494
99775
130229
130762
105215
100884
98030
100789
93311
134243
195656
416179
1687401
3298576
506606
2302177
4686005
482657
2203721
4452954
493214
2155326
4351540
115355
107893
104841
104289
6828332
108778
6866316
1791752
6276224
3030803
6428673
3169910
839455
832329
836400
811523
875085
872457
871039
861312
842442
831520
849854
828392
867908
854904
845571
851752
7975781
7730296
392773
469515
753227
754012
9381052
8972049
9282821
9256224
9288732
8334114
9169011
12 round of counting
138941
122549
94612
101074
105903
91960
81460
92469
87326
84230
99917
94109
92258
90893
103606
103478
106052
110071
96582
99745
124680
107015
102971
100401
126232
143652
153193
114308
164462
124676
118776
119684
133647
126027
108872
156255
142971
130677
123310
211843
192820
99840
129464
132261
104292
101420
97942
102832
93779
133387
194275
414581
1681544
3301024
507620
2296016
4674789
481327
2190401
4438222
492226
2148904
4342459
113651
107716
104827
104233
6823262
108962
6855151
1791934
6261013
3013151
6435982
3159121
834666
829750
834064
812813
874090
876759
872815
860454
843560
833215
849334
826736
865593
850736
847356
855832
7990862
7742484
393972
469589
756207
758991
9385094
8951252
9268499
9264849
9280083
8337387
9164770
13 round of counting
1519
1181
1031
1041
1020
1021
971
1105
1038
1018
1040
994
1015
1004
1033
1031
1059
1024
994
1026
1078
1031
1058
1099
1113
1264
1178
1090
1186
1087
1223
1155
1081
1157
1040
1108
1160
1182
1048
1343
1201
1058
1118
1133
1015
1021
1030
1046
1005
1124
1418
2131
6966
12662
2195
6793
12584
2182
6847
12563
1932
5615
9860
1062
1044
1052
1052
24085
1091
23509
6747
25073
10605
24099
12824
3136
3192
3110
3126
3263
3282
3350
3287
3144
3109
3105
3155
3149
3373
3187
3149
22132
21151
1836
2099
2899
2856
23981
23473
24069
23997
24291
23904
23582
14 round of counting
243748
221942
174575
181808
191849
165767
147913
171876
167477
158008
185416
174243
168619
167747
193455
192233
197269
200026
182506
181117
231588
200493
190044
186283
237340
267095
282784
212014
303251
227287
217969
223759
256459
238298
199079
295537
274151
248897
234728
408763
364923
180759
243011
246986
194910
191552
184039
186550
172735
250102
377304
862981
3666480
7202482
1018981
4723537
9537916
975574
4548476
9179725
999630
4515787
9144487
206286
197852
197164
191756
14847580
196779
14840926
3902119
13641943
6509666
14123606
6969841
1704743
1701902
1700102
1667143
1802504
1791291
1788085
1767918
1728349
1708219
1735266
1691112
1774901
1744189
1735828
1739927
16283549
15784606
795256
943696
1538778
1551597
19210128
18542806
18923940
18957609
19014020
17422417
18913851
15 round of counting
244272
222859
177316
185037
192865
168164
151313
170400
166306
158810
184451
174627
168503
169459
193073
191473
196437
199803
180068
181988
234395
200052
189679
185249
237157
266113
284273
213035
305375
230664
220291
226301
258824
239188
204538
300650
277251
248591
236647
412135
372338
181612
241959
247004
191701
187694
185462
187705
175192
250800
377134
868565
3680128
7258046
1035218
4764639
9641017
983615
4592245
9257146
1002943
4536749
9200547
206980
198234
196023
192926
14960444
199812
14936755
3936260
13753485
6557860
14226902
7033556
1714440
1705158
1702060
1667609
1810958
1796421
1799204
1774481
1734814
1715078
1751854
1705011
1788782
1750870
1742132
1751659
16413058
15933660
795767
948907
1540586
1547146
19345750
18671481
19052339
19119147
19159915
17524626
19045016
16 round of counting
1872
1644
1459
1417
1431
1510
1350
1470
1400
1375
1389
1410
1430
1566
1470
1425
1492
1466
1397
1452
1569
1561
1482
1372
1580
1989
1806
1753
1821
1634
1659
1651
1693
1672
1635
1919
1792
1605
1637
2230
2337
1482
1629
1691
1479
1455
1454
1660
1425
1722
2345
4350
21797
43323
4906
29849
75324
4221
25416
53823
4769
25768
50323
1545
1420
1466
1396
84505
1688
84610
19118
88451
30544
82166
40147
8532
9270
9135
8807
8569
8409
8555
8714
8818
8489
8246
9198
8330
8877
8201
8251
134764
120896
3644
4652
8191
7211
155683
129114
164656
144086
160785
100062
132592
17 round of counting
105009
100581
79979
82893
85646
75105
69038
78181
76755
72358
83563
79133
77728
77086
88974
88441
89362
91300
82669
82249
106166
91503
87274
85784
109255
123839
131765
100039
141838
106284
102649
105953
123255
112184
94580
143247
131089
117160
109492
198398
175798
82989
113192
114809
88419
87186
86790
86293
80041
117215
182523
448932
1980802
3906525
515901
2435923
4871822
495648
2363734
4730098
508222
2379032
4812183
92621
90004
88968
88305
8053586
89945
8006222
2121523
7430265
3510954
7731476
3833122
874062
870998
869284
852670
927721
922939
921319
908337
892518
876138
890826
869588
914251
896946
895302
894574
8316483
8086459
402221
477711
789530
791685
9849798
9618636
9664806
9739785
9757836
9105977
9773328
18 round of counting
105271
99964
80210
83135
86492
76753
70024
78835
76813
73409
84322
79512
78617
77047
88979
88010
90189
91273
83580
83321
107817
92213
87778
85597
109566
123768
132109
100534
144478
107088
104312
105735
123837
113857
96188
145223
131762
118632
110345
199024
177944
83347
113636
115602
88335
86438
86021
87165
81587
117682
184154
451173
1996677
3949803
523645
2464567
4975967
498563
2386387
4782868
510648
2392263
4852466
93316
90282
90806
90107
8112568
91248
8070475
2128521
7473863
3547091
7789507
3854541
880033
877169
875429
856853
933610
924984
925188
915116
895872
884160
896733
872168
918464
903068
900646
898469
8409406
8191638
404829
480667
791163
794938
9977782
9711732
9806483
9852348
9891488
9182058
9882953
19 round of counting
375
414
541
421
466
387
373
424
424
400
460
445
404
424
416
414
472
479
434
424
553
467
440
438
548
696
602
567
650
553
532
599
716
564
576
788
596
559
531
954
1062
448
578
611
425
554
525
508
425
539
879
2221
14260
30807
2896
23967
63350
3198
16948
45370
2685
16752
41256
469
445
419
485
61717
406
60286
12542
63507
21737
60775
27613
5203
5405
5348
5200
4974
4945
5657
6074
5719
5017
5096
5469
5130
4954
5623
5103
116351
103678
1878
2332
4859
4334
133325
101975
141800
120897
136080
76579
109958
20 round of counting
13
0
0
0
0
0
0
0
0
0
0
0
0
0
0
0
0
0
0
0
1
0
0
0
0
1
0
0
0
0
0
0
0
0
0
0
0
0
0
0
0
0
0
0
0
0
0
0
0
0
0
2
23
25
0
0
0
0
0
0
0
2
0
0
0
0
0
20
0
0
0
118
1
0
0
0
0
0
0
0
0
0
0
0
0
0
0
0
0
0
0
0
0
0
0
0
0
0
0
0
0
2
0
0
21 round of counting
51
29
8
12
20
13
5
8
14
13
15
1
14
10
17
13
1
14
4
19
20
11
29
15
14
26
22
15
20
16
18
16
19
22
13
26
25
20
20
24
5
11
24
24
16
15
14
14
17
24
30
33
14
0
0
0
0
0
0
0
0
0
0
0
0
0
0
0
0
0
0
110
29
11
18
31
5
5
19
11
6
14
13
7
14
18
6
22
18
9
8
74
31
11
32
28
22
16
17
10
41
45
65
0
22 round of counting
66
34
16
17
23
14
16
0
14
15
18
7
13
12
14
17
3
17
19
19
18
19
16
21
3
27
23
12
21
20
18
10
10
17
15
28
28
3
15
32
28
20
22
22
19
8
13
19
20
11
25
24
100
61
29
13
33
18
28
18
4
22
30
22
8
4
5
34
19
11
28
230
33
9
40
6
18
20
21
17
21
22
20
12
21
21
7
12
19
17
24
48
68
25
29
30
30
72
111
17
87
15
24
19
23 round of counting
52513
47438
33166
34568
37112
31956
28826
32170
31022
31646
36238
33087
31548
30715
34530
35697
36181
39658
33558
34226
40724
35642
34953
34570
41901
49622
49924
35357
50327
40447
39191
40634
41018
41501
35512
47136
45006
42489
42979
62118
56448
34594
40724
42522
37980
36047
34031
34787
31530
44191
54889
93812
320089
601055
125993
573866
1188975
115624
522641
1083477
149317
674905
1433849
39767
35856
35367
34454
1211663
38063
1186853
333630
1099332
582539
1207338
595290
212372
217682
213853
208225
218400
222026
224667
221808
212000
214248
218489
212545
221804
215844
209774
221040
2166363
2071147
94894
117999
178386
183539
2490775
2150570
2480686
2432916
2452410
2212447
2354793
24 round of counting
0
0
0
0
0
0
0
0
0
0
0
0
0
1
0
0
0
0
0
0
0
1
0
0
0
0
0
0
1
0
0
0
0
0
0
1
0
0
0
0
0
0
0
0
0
0
0
0
1
0
0
0
2
3
0
2
4
1
2
4
1
2
5
0
0
0
0
6
0
6
2
5
3
6
3
0
1
1
1
1
1
0
1
1
1
1
0
1
1
1
1
8
7
1
0
1
0
10
8
9
9
9
8
9
25 round of counting
19916
20100
17358
17066
17274
16097
15120
16795
16749
16213
17374
16691
16786
16900
19175
18444
18688
18705
17791
17874
22704
19775
18355
17966
22997
26495
27686
22957
30964
22537
22151
23193
27352
24769
21095
31747
28776
25403
23666
44469
38850
17742
24357
25014
18938
18906
18904
18686
17986
25264
42094
114725
532139
1060140
123811
606040
1231117
121034
589139
1191947
128677
655191
1359925
18875
18912
19026
19095
2214841
18909
2165824
563463
1969051
962453
2095965
1045456
210970
210509
208795
203013
224948
220980
221162
217395
215486
211232
214288
207120
221420
215585
215189
214252
2031775
1978878
95515
112118
188604
188138
2472144
2403619
2394063
2424767
2446096
2337227
2458867
26 round of counting
4203
3558
2546
2831
2927
2510
2299
2565
2293
2132
2680
2568
2430
2461
2734
2880
2838
2982
2575
2557
3296
2785
2800
2810
3488
3780
4099
2757
4159
3322
3161
3068
3270
3152
2657
3858
3744
3323
3144
5150
4783
2806
3466
3417
2816
2678
2594
2744
2631
3638
4812
7403
22607
42113
11268
45203
90251
9861
41464
83242
9186
29090
53667
3322
2983
2781
2719
85472
3001
90594
24237
79249
38864
74060
34530
17344
17386
17366
16902
17743
17970
17889
17704
17445
17053
17665
17214
17846
17606
17378
17647
155395
150481
8734
10420
15846
15676
179239
169332
178162
178218
176294
144460
172874
27 round of counting
34064
34405
29629
29352
29877
27610
26016
28963
28873
27739
29966
28756
28898
28956
32789
31827
32085
32055
30409
30631
38734
33737
31545
30842
38975
44544
46625
38592
51687
38375
37631
39325
45980
41814
35788
53175
48405
43043
40264
73173
64564
30345
41262
42314
32604
32477
32584
31956
30666
42799
70055
185139
845349
1673668
198431
947634
1909331
195338
926701
1858977
205143
1016192
2089623
32653
32687
32822
32906
3474322
32371
3399806
890356
3098193
1514020
3293540
1664696
332601
331926
330014
322773
354092
349036
349093
344232
339235
333861
338450
328740
348184
341028
340385
338987
3141611
3059710
154228
180808
300962
300540
3804798
3720133
3687510
3734864
3768621
3625923
3790876
28 round of counting
51360
50433
32229
40836
43900
33100
28996
36932
36932
31381
44234
39479
37468
31857
44375
43268
44676
44066
38486
37454
52815
42103
41994
39313
53092
56936
64156
43004
65822
49553
47791
46907
54794
51771
40631
70281
64374
58462
56038
92752
82362
35431
51313
55193
41385
40529
41321
37737
33019
56683
83382
196307
871365
1740822
226073
1164514
2462727
224655
1108995
2335174
310813
1728202
3744911
45695
45695
46185
46185
3586211
44092
3566850
1030632
3343222
1772881
3885066
2003765
398388
409963
405976
397841
424100
424455
424999
424644
406602
406764
412122
405667
421280
411563
412705
421059
4345072
4215092
172451
219258
348254
363025
4860657
4457002
4904772
4877939
4822396
4328253
4726397
29 round of counting
60382
57535
36721
45447
48016
38429
32286
40608
39718
35827
47677
42459
39011
36936
46959
47220
49907
50958
43067
42267
58448
47693
48276
45072
60760
63988
71592
48230
73650
55980
53675
51596
60468
54243
45217
72983
69125
63280
60029
101640
89892
40115
57888
59572
45034
43340
44837
42931
37206
61260
89106
207196
915954
1760862
244620
1381111
3042995
233415
1211729
2730294
332313
1881426
4229107
50733
50984
50382
50134
3493154
48280
3575673
943874
3495462
1662107
3349238
1736085
437356
445795
456025
444540
462132
460625
458903
450760
441476
443605
442441
435981
454328
440619
442065
441400
5126070
4936999
191386
224782
377355
382206
5801478
5040245
5926253
5738235
5769935
4586646
5430567
30 round of counting
4361
4263
2480
3384
3662
2583
2202
2916
2916
2488
3763
3126
2938
2422
3740
3528
3720
3646
3107
2935
4304
3415
3389
3050
4296
4441
5063
3284
5007
3796
3666
3699
4182
3955
3108
5609
5157
4747
4609
6938
6310
2783
4027
4258
3206
3120
3190
2963
2458
4508
6284
14148
58268
113428
15826
74840
155294
15888
71830
147378
21401
114186
245270
3885
3885
3943
3943
225268
3732
224586
75010
200876
124934
246552
129738
26156
26752
26548
26078
27612
27672
27648
27678
26528
26530
26806
26486
27474
26772
27062
27340
268356
260777
11654
15188
22804
24296
298136
272272
302248
300412
297494
266214
289188
31 round of counting
11613
11348
6883
9002
9728
7153
6125
8034
8034
6773
9791
8632
8125
6784
9808
9550
9913
9826
8383
8140
11763
9260
9215
8556
11881
12741
14455
9413
14841
10948
10518
10414
12040
11368
8770
15847
14419
13063
12543
21196
18712
7693
11430
12257
9039
8826
9015
8286
7046
12664
18812
44485
197926
395826
52851
279238
595561
52352
264494
562089
74195
422295
921491
10160
10160
10285
10285
810357
9746
807555
238670
759472
407739
882158
454982
94189
97069
96179
94140
100244
100337
100404
100303
96060
96340
96977
95943
99687
96907
97404
99270
1051841
1019946
39668
50947
81261
84896
1172714
1066997
1187229
1180015
1166394
1027218
1135354
32 round of counting
1959
1903
1198
1526
1628
1259
1100
1364
1364
1184
1597
1488
1368
1192
1586
1588
1656
1684
1437
1411
1920
1557
1573
1474
2018
2213
2453
1566
2633
1898
1800
1757
1998
1895
1518
2549
2341
2139
2061
3686
3128
1339
1943
2092
1524
1506
1524
1455
1272
2122
3074
6528
27234
53126
9108
51476
111334
8848
47358
102876
14203
84036
184938
1653
1653
1661
1661
107784
1574
107112
32068
104438
55936
119836
63626
17226
18034
17758
17280
18354
18374
18438
18356
17646
17796
17820
17636
18352
17694
17692
18306
195794
189875
6988
8732
14448
14748
215354
188560
219128
217428
213388
176464
206036
33 round of counting
1959
1903
1198
1526
1628
1259
1100
1364
1364
1184
1597
1488
1368
1192
1586
1588
1656
1684
1437
1411
1920
1557
1573
1474
2018
2213
2453
1566
2633
1898
1800
1757
1998
1895
1518
2549
2341
2139
2061
3686
3128
1339
1943
2092
1524
1506
1524
1455
1272
2122
3074
6528
27234
53126
9108
51476
111334
8848
47358
102876
14203
84036
184938
1653
1653
1661
1661
107784
1574
107112
32068
104438
55936
119836
63626
17226
18034
17758
17280
18354
18374
18438
18356
17646
17796
17820
17636
18352
17694
17692
18306
195794
189875
6988
8732
14448
14748
215354
188560
219128
217428
213388
176464
206036
34 round of counting
17933
17514
10561
13912
15018
10995
9427
12314
12314
10445
15151
13246
12431
10398
15134
14666
15289
15156
12927
12486
17987
14232
14177
13080
18195
19395
21971
14263
22481
16642
15984
15870
18220
17218
13396
24005
21917
19949
19213
31820
28150
11815
17400
18607
13769
13452
13729
12704
10776
19294
28170
65161
283428
562380
77785
405554
862189
77088
383682
812343
109799
620517
1351699
15698
15698
15889
15889
1143409
15052
1139253
345748
1064786
588609
1248546
648346
137571
141855
140485
137498
146210
146383
146490
146337
140234
140666
141603
140065
145513
141373
142158
144916
1515991
1470598
58310
74867
118513
123940
1686204
1527829
1708605
1697855
1677276
1469896
1630578
35 round of counting
0
0
0
0
0
0
0
0
0
0
0
0
0
0
0
0
0
0
0
0
0
0
0
0
0
0
0
0
0
0
0
0
0
0
0
0
0
0
0
0
0
0
0
0
0
0
0
0
0
0
0
0
0
0
0
0
0
0
0
0
0
0
0
0
0
0
0
0
0
0
0
0
0
0
0
0
0
0
0
0
0
0
0
0
0
0
0
0
0
0
0
0
0
0
0
0
0
0
0
0
0
0
0
0
36 round of counting
17933
17514
10561
13912
15018
10995
9427
12314
12314
10445
15151
13246
12431
10398
15134
14666
15289
15156
12927
12486
17987
14232
14177
13080
18195
19395
21971
14263
22481
16642
15984
15870
18220
17218
13396
24005
21917
19949
19213
31820
28150
11815
17400
18607
13769
13452
13729
12704
10776
19294
28170
65161
283428
562380
77785
405554
862189
77088
383682
812343
109799
620517
1351699
15698
15698
15889
15889
1143409
15052
1139253
345748
1064786
588609
1248546
648346
137571
141855
140485
137498
146210
146383
146490
146337
140234
140666
141603
140065
145513
141373
142158
144916
1515991
1470598
58310
74867
118513
123940
1686204
1527829
1708605
1697855
1677276
1469896
1630578
