0 round of counting
39072
33999
13841
11863
14951
17981
17884
21602
1115936686
1146154446
1383358847
1339542033
1318946645
1453151881
1395120222
1362429093
1494907149
1341343740
1446014766
1408244353
1473473850
1340006636
1401699479
5690437578
6248712308
212046155
89283702
1674430
16438300
143265852
4968813775
6009105339
212031316
89606410
1231214
39297714
140804664
993317214
5600585044
212056262
89661404
1630168
36807568
407068266
3917825228
5983546194
212003873
15490
13431
14462
14472
14538
14534
14436
14499
14499
17335
17417
17405
17355
17351
17541
17583
17583
17546
26563
21990
21136
20978
23534
582058529
532582885
546437761
582181610
543863168
22647016
1 round of counting
32281
38918
22410
18200
20557
24120
23141
25828
1536410469
1634511521
1837142083
1750771836
1750343718
2388825723
2149869904
1648585811
2561778996
1907125605
2386159408
1992384627
2555610698
1918027630
1935944492
9272158121
13827055192
630021357
686349506
1341323
15016549
157102576
10417542602
13456219412
629614109
687572003
964867
35324800
141048042
1260192874
9780537206
629383436
686852954
1281977
35915916
514482696
7914823986
13183910240
629915397
38325
20597
20492
20540
20073
19886
20238
19788
19678
26792
23194
22429
23571
21876
22652
22233
22146
22157
34009
27838
25677
25661
27231
1191926636
550723106
608873261
822914505
656347192
61889178
2 round of counting
891
1039
715
626
684
700
678
731
259037
161865
151085
130284
139950
132094
121086
157296
120079
117115
159690
157243
135909
129278
220697
937539
1080714
2633
1838
2021
19650
73977
924332
796847
2536
1821
1209
17149
80777
204457
1109837
2761
2089
2262
21931
117684
728577
1192585
3598
692
716
711
722
666
693
673
653
666
711
712
704
687
699
697
695
691
728
982
789
745
760
764
102288
154342
124984
131899
127430
828
3 round of counting
925
1000
726
660
745
699
665
710
269542
176631
185826
128371
186163
137281
198478
234591
208470
143101
258463
101837
168983
215068
243794
1088726
964943
6895
11911
2036
13780
114138
1005260
924181
6593
11361
2036
17866
75387
261587
1477691
7025
11434
1422
40214
168965
793841
1230797
6298
898
707
713
722
705
671
670
666
651
759
740
749
713
704
713
716
712
741
1010
787
756
757
754
137342
69469
94026
56455
76119
2489
4 round of counting
88
36
7
2
1
10
2
2
6271
8067
12120
9455
7844
11505
9550
11144
13023
9091
11828
12431
12529
9336
11204
55939
63420
3770
9706
256
75
1153
44886
63303
3719
9566
229
286
1296
7678
51737
3630
9413
224
262
3082
36531
63301
3460
131
19
14
8
10
1
3
1
1
32
4
1
0
6
4
3
0
1
8
13
0
2
1
12267
3601
4922
5546
5054
1693
5 round of counting
1054
1261
946
841
994
933
883
929
9003220
8655681
8752387
7369158
8825898
11578470
10461399
7305200
11036688
8284975
11468482
8029577
10984673
8334512
8782879
36272040
44932922
84945
-4359704
7216
148121
1547179
43311192
45448983
85109
-4343180
4669
315304
1339420
7003458
38610155
87314
-4346308
9129
378189
3842246
33552118
46679413
79413
822
929
932
913
893
863
874
861
879
944
926
947
914
958
980
945
920
917
1221
960
974
993
993
-603012
4206442
3812125
4757865
3677462
42467
6 round of counting
10656
13802
6867
5877
7092
8374
8161
9691
495414878
523001847
610761405
596278318
582566226
670147517
646297677
590281947
701492448
603342937
667786947
632355332
692168427
606330433
622619609
2569895569
3069147836
97209285
129506604
658017
6803626
61612657
2379497104
2969679458
97633483
130201161
480582
16133874
59342103
437032137
2565461836
97984077
129415524
636394
15282942
181148153
1868662549
2937993186
97973025
7577
6553
6763
6716
6751
6704
6650
6741
6536
8175
8249
8042
8051
7694
7765
8102
7923
8031
12033
10099
9704
9478
10394
334787126
221115183
234764516
267397650
240026154
16492704
7 round of counting
81
39
10
3
0
12
7
1
3163365
4373487
4479436
5215994
4404815
6596047
6866196
3752704
8144873
5926830
6604592
6009005
8133392
5938794
4836010
22460208
44444294
2892218
9178270
364
145
110483
27089102
42729221
2945745
9175719
298
697
73035
2300518
23881257
2943890
9177473
272
441
887259
20629450
40387778
2944571
169
13
11
10
1
7
2
2
1
35
13
7
0
3
1
2
4
1
12
17
5
1
1
9891144
1093041
1291975
2354995
1777853
612441
8 round of counting
253
301
239
207
222
219
229
220
10948288
11591329
11404644
11103072
11658666
14831000
14477224
10202464
15409594
12304751
14877328
12041091
15982400
12388086
11994359
45958164
62310828
1166906
3229486
7086
140106
1527790
50533445
60979871
1167293
3226405
4213
304883
1323370
8385421
50702724
1224721
3223683
6822
345900
4351279
39431469
59734028
1164590
210
223
218
213
222
221
216
218
217
229
229
227
232
235
229
232
236
244
297
250
252
253
251
7460468
5047139
4662242
6328494
5174027
618986
9 round of counting
226
318
247
218
232
226
220
236
14035131
15899756
16009936
16368649
15991790
21438699
21369741
13902049
23624214
18011515
21310191
17820949
23344805
18316860
16850520
68145307
106666803
4105387
12390118
7296
139625
1650829
77233195
103191495
4103825
12388544
4375
299840
1421186
10682583
72481542
4106453
12393460
6657
347628
5205569
60104993
100699485
4110275
218
210
215
220
217
215
217
217
223
230
228
229
222
228
218
219
238
224
296
236
236
239
233
17327862
6129257
6009334
8688570
6973936
1229356
10 round of counting
3
0
2
0
0
0
0
0
3139166
4364903
4448511
5204494
4376980
6581119
6823232
3727089
8123720
5898908
6580374
5976599
8102049
5908917
4809147
22444897
44389613
2951745
9168407
85
84
105679
26931128
42683369
2938023
9169021
50
258
70432
2288981
23912420
2888901
9166157
53
218
889639
20525540
40300569
2940016
17
2
1
0
0
0
0
0
1
6
0
0
1
0
0
0
0
1
3
0
1
0
0
9870035
1082649
1279395
2345055
1760054
611019
11 round of counting
14956
18658
10323
8167
9281
10535
10201
11364
390034346
419457568
498167218
487676252
481369001
528644165
510862790
497648793
549974883
493700130
528007432
516889180
545702597
478448450
493475558
2057595500
2271405703
86649498
58768561
582585
5647516
49760359
1776719064
2202772118
86652582
58355733
418700
13384692
48384835
348777267
2029211333
91132093
58575101
563741
12899936
145040034
1401395678
2160206092
91003257
10812
8896
9095
9114
8990
8927
8755
8652
8693
10139
10136
10583
9925
9731
10128
9997
9634
9947
14913
12036
11839
11192
12345
204878016
164527191
185224724
201697767
177013843
12313626
12 round of counting
14718
18085
10192
7850
9662
10536
10221
12032
403397389
421026546
498445631
479538552
473318993
530887174
504564499
489689564
548066658
489568900
526822371
516904023
539050224
493308976
511740882
2069145455
2293505557
89439010
58027592
575523
5660169
50195512
1789105371
2195622509
86035987
58590408
418163
13413927
48482541
347237784
2029038921
91157334
58611114
564768
12675367
141514966
1405821611
2171243004
91018810
10524
9208
9420
9536
9199
8952
8827
8646
8525
10012
10560
10494
10105
10089
9981
9874
9992
10072
15101
12360
11676
11348
11845
207976833
165552273
184579586
203165004
177872124
12189138
13 round of counting
794
839
628
558
605
607
591
589
27049
20598
62242
27751
25836
33539
28164
32364
34814
27594
32841
34378
34933
26795
32722
395127
415514
6943
12538
1105
1967
7990
331458
410894
8073
11991
937
3286
7584
45150
390330
7989
13225
1057
3048
16078
261015
464595
6718
633
619
605
596
608
623
609
584
590
625
629
601
604
605
588
585
611
600
762
702
640
614
632
22837
10368
25948
14344
13883
2170
14 round of counting
24446
31500
16026
12969
15804
18577
17707
21008
885402656
923689458
1118953273
1081173392
1060570881
1165183756
1125857147
1115706954
1208157004
1094367927
1161866997
1143461459
1191805900
1087178887
1136070866
4611032079
4974650621
170494499
111662565
1361804
13182558
113754496
3949173321
4835745329
177627679
112306433
1004354
31622113
113191892
803892832
4524458138
176321896
112233870
1303295
29360367
322681156
3130938296
4790169451
177791107
17392
14721
14935
15352
15367
15038
14774
14462
14410
17875
17426
17630
17510
17360
17726
18328
17917
17641
26891
22060
20902
20283
23075
475210532
391893540
428806517
456764270
414749748
24403430
15 round of counting
25066
32058
16556
13942
16381
19169
18306
22178
893562481
958218175
1137259156
1096197387
1073068142
1191044905
1147019726
1122173522
1220522393
1102235740
1187128808
1169419567
1222206683
1105268925
1148548230
4658312525
5092004084
181905213
124442568
1367580
13310613
115133317
4013047985
4942654833
181910464
124409273
1005896
31615247
113104568
806136785
4568092852
181156694
124784764
1308367
29615067
326701083
3184949832
4860755130
182320264
18244
15751
16075
15974
15506
16162
15534
15319
14941
18254
18384
18049
18095
17790
18123
18222
18040
18364
27917
22343
21646
20966
22670
488550306
395191256
433068012
467388945
421394501
25533821
16 round of counting
1065
1136
873
774
805
854
883
860
13033150
15059485
14824437
15329255
15046612
20412069
20304931
12801479
22365442
17138669
20408392
16945197
22276211
17402855
15753389
63534632
102459488
4116821
12406655
6291
126066
1542414
73259874
99033355
4118524
12403568
3954
270824
1300744
9827193
67641846
4117892
12406037
6116
317114
4933425
56811591
95935158
4119773
863
856
837
845
824
833
827
800
834
869
857
852
840
814
875
851
855
826
1078
924
887
863
875
16843524
5636491
5493760
8158085
6405514
1231342
17 round of counting
10187
13922
6314
5354
6894
8267
8081
9839
495419857
516207371
620217952
601021364
587770586
638107356
615927165
615362338
656303060
598661875
635612671
630348746
650149302
596426442
625268627
2537580942
2725529412
86392972
53367770
776413
7547045
64125722
2169874380
2634601475
86398853
53550950
570767
17929225
63190422
444959989
2488664884
86438750
53741467
746411
16642937
179973112
1719286954
2613526920
85787508
7078
6099
6414
6356
6304
6253
6323
6360
6426
7901
7977
7827
7900
7834
7878
7842
7844
7959
11676
9985
9688
9463
10724
266625531
226095554
242577888
255485254
238310148
11663221
18 round of counting
10468
14377
6602
5604
7104
8548
8270
10223
508977059
531405174
634573371
617420733
603255972
658253840
636316528
628123005
679997989
616019230
656002956
646939545
672310486
613492313
641448056
2600367931
2824246750
90731891
65564377
778078
7643901
65490717
2239244729
2741572621
90728180
65905921
570902
18176311
64634918
455989771
2553612357
90122826
65961176
754565
17001943
185284914
1769503804
2714915393
90671459
7435
6303
6575
6895
6584
6594
6608
6565
6513
8068
8152
8245
8071
8098
8068
8245
8084
8129
12470
10371
10060
9622
11090
283400937
231454070
247833440
263416546
243845760
12896436
19 round of counting
220
299
237
215
231
221
213
222
13020693
14979648
14693749
15364698
15276529
20132966
20286769
12599130
22251102
17104445
20165529
16854449
22097381
17292375
15767747
63440760
101937708
4110873
12388824
5757
124741
1535519
72556726
98965633
4112670
12391724
3056
268584
1293746
9776983
67256685
4109757
12459894
5141
315308
4861847
56740858
94973475
4111044
226
218
211
213
225
215
221
211
216
239
233
232
231
230
227
236
234
229
293
233
244
242
242
16849342
5634999
5439614
8121535
6338205
1228830
20 round of counting
0
0
0
0
0
0
0
0
1105434
1468835
2089639
2215177
1464780
3599411
2957392
1543309
4695453
2552084
3619969
3141351
4697333
2555933
2317585
21700936
42340221
1976137
6462295
18
127
3387
28132928
40978406
1975872
6462189
11
336
2549
1469732
23656353
1975920
6444615
13
298
321946
20941162
39406470
1975756
3
0
1
0
0
0
0
0
0
1
0
0
0
0
0
0
0
1
0
1
1
0
0
6500399
48131
363788
1161060
708790
222326
21 round of counting
1
0
0
0
0
0
0
0
0
2
7
1
0
2
11
32
1
15
0
0
0
0
0
70
176
69
116
19
5
0
94
187
69
123
14
0
4
13
94
72
110
14
2
10
84
217
72
13
0
0
0
0
0
0
0
0
0
0
0
0
0
0
0
0
0
0
0
0
0
0
85
24
15
9
3
2
22 round of counting
0
0
0
0
0
0
0
0
1109754
1473334
2094659
2212526
1466067
3615315
2954875
1545523
4721093
2553813
3630777
3142500
4689333
2551346
2313872
21677268
42366456
1975876
6464357
36
127
3301
28169070
41100880
1975945
6463576
25
337
2528
1471373
23694747
1975700
6450974
27
302
322161
20975803
39529548
1975793
18
1
0
0
0
0
0
0
0
1
0
0
0
0
0
0
0
1
0
1
1
0
0
6502709
48512
362874
1165660
709044
222442
23 round of counting
14930
16061
10248
9004
9746
10364
9357
9627
47207760
51388073
60430946
53905174
50377092
58780458
56210106
55163908
62502330
53838716
60991717
58162594
62956329
53942077
57041057
297166512
309435288
10036766
14381697
99525
757468
6673989
246686030
306578464
9049852
14351554
71787
1747762
6166751
43780059
270900301
9933587
14402663
89640
1694725
17981109
190658701
294885768
10051418
24907
9789
9612
10396
9736
9140
9136
9165
9122
11878
9657
10162
9580
9307
9224
9296
9385
9765
14269
10556
9617
9448
9708
28662995
12447606
19240360
20902349
15342183
2317449
24 round of counting
0
0
0
0
0
0
0
0
686
719
778
746
795
1037
921
721
1143
827
1062
852
1091
850
834
4003
5902
272
316
0
7
66
4473
5796
269
290
0
15
57
537
4208
269
293
1
16
219
3419
5650
270
0
0
0
0
0
0
0
0
0
0
0
0
0
0
0
0
0
0
0
0
0
0
0
521
239
270
359
291
28
25 round of counting
2521
3674
1712
1500
1875
2175
2166
2659
133941042
137406487
164552117
158828999
156361653
172631162
164767508
161825867
177362531
158687029
171740649
167635867
174547296
159626895
166712035
674323253
740893638
27005040
6542944
197640
1947587
16947825
591916766
712476052
27005042
6580702
145605
4696540
16735719
117929554
668230196
27006193
6583574
192035
4350523
48155963
464223353
710411664
27001541
1902
1667
1786
1776
1787
1789
1781
1794
1790
2147
2157
2180
2158
2164
2159
2162
2183
2194
3247
2719
2626
2577
2914
64650134
62428580
64720299
68985269
64808881
2521699
26 round of counting
412
413
189
114
145
193
144
198
6507432
7101065
8232585
7646118
7723653
8656751
8370619
8181941
8898591
7862555
8734234
8576842
9260421
7888618
8475996
35279341
37132101
1250014
1407443
10146
91559
834350
29633866
37768726
1248799
1410930
7041
217761
791638
5887857
34208671
1193914
1413984
9452
208702
2401900
23602085
35597249
1216323
196
154
120
121
101
102
100
82
74
124
133
134
138
109
119
119
105
114
274
198
172
150
175
2933748
1713973
2513524
2871765
2110791
212462
27 round of counting
4518
6589
3058
2611
3309
3983
3983
4881
243961182
252937724
317178889
308080921
299915340
327666072
315355023
313547142
338468394
305538570
325474796
323901177
332365621
306097908
320224797
1296651989
1412110059
61010968
19260085
383755
3725104
32238352
1105309171
1344594029
61008653
19335748
285150
9014457
32210542
225704075
1265794190
61012203
19339688
373717
8331996
91242296
870536087
1338389988
61003191
3333
2942
3136
3131
3147
3149
3133
3153
3153
3835
3850
3844
3831
3829
3841
3863
3857
3901
5836
4829
4737
4635
5259
131470988
120542836
125238457
132374882
125049732
6029849
28 round of counting
228
288
210
210
216
210
210
216
750207
750207
1500204
750207
750207
1500258
750261
1500204
1500258
750207
1500258
1500201
1500258
750207
1500201
6000204
6000258
252
366
2370
20166
162432
5185554
6000258
246
756
1758
48240
161784
1109568
6000204
306
828
2280
43440
447126
4076634
6000258
209
210
210
211
210
210
210
210
210
210
213
213
212
214
213
213
213
213
215
270
219
222
217
219
300207
300207
600204
600255
450207
300
29 round of counting
2907
4141
1802
1846
2434
2803
3073
3201
899600483
970869683
1045211408
994419348
998272967
1573925046
1370880324
862468688
1709853425
1145170754
1566321112
1171900001
1707062942
1152295755
1119645739
5932306552
10177191036
483465269
598427140
379903
5835133
77025279
7566417777
9976500263
484065800
600640343
250392
13376138
61999059
699863384
6543827365
483723990
599149879
359121
15386816
286453368
5679900127
9726196884
484028864
2360
2189
2337
2102
2307
2219
2050
2172
2300
2914
2506
2667
2658
2594
2543
2629
2587
2676
3712
3768
3281
3302
3851
866548482
289475643
312128866
512182146
384041012
41852581
30 round of counting
0
0
0
0
0
0
0
0
0
0
0
0
0
0
0
0
0
0
0
0
0
0
0
0
0
0
0
0
0
0
0
0
0
0
0
0
0
0
0
0
0
0
0
0
0
0
0
0
0
0
0
0
0
0
0
0
0
0
0
0
0
0
0
0
0
0
0
0
0
0
0
0
0
0
0
0
31 round of counting
4
1
4
4
4
4
4
4
4
4
4
4
4
1
1
4
1
4
1
4
1
4
4
4
1
4
1
1
1
1
1
1
4
4
4
4
4
4
4
1
1
1
1
1
1
1
4
4
4
4
4
4
4
4
4
4
4
4
4
4
4
4
4
4
4
1
4
4
4
4
4
4
4
1
4
1
32 round of counting
0
0
0
0
0
0
0
0
0
0
0
0
0
0
0
0
0
0
0
0
0
0
0
0
0
0
0
0
0
0
0
0
0
0
0
0
0
0
0
0
0
0
0
0
0
0
0
0
0
0
0
0
0
0
0
0
0
0
0
0
0
0
0
0
0
0
0
0
0
0
0
0
0
0
0
0
33 round of counting
0
0
0
0
0
0
0
0
0
0
0
0
0
0
0
0
0
0
0
0
0
0
0
0
0
0
0
0
0
0
0
0
0
0
0
0
0
0
0
0
0
0
0
0
0
0
0
0
0
0
0
0
0
0
0
0
0
0
0
0
0
0
0
0
0
0
0
0
0
0
0
0
0
0
0
0
34 round of counting
4
1
4
4
4
4
4
4
4
4
4
4
4
1
1
4
1
4
1
4
1
4
4
4
1
4
1
1
1
1
1
1
4
4
4
4
4
4
4
1
1
1
1
1
1
1
4
4
4
4
4
4
4
4
4
4
4
4
4
4
4
4
4
4
4
1
4
4
4
4
4
4
4
1
4
1
35 round of counting
0
0
0
0
0
0
0
0
0
0
0
0
0
0
0
0
0
0
0
0
0
0
0
0
0
0
0
0
0
0
0
0
0
0
0
0
0
0
0
0
0
0
0
0
0
0
0
0
0
0
0
0
0
0
0
0
0
0
0
0
0
0
0
0
0
0
0
0
0
0
0
0
0
0
0
0
36 round of counting
4
1
4
4
4
4
4
4
4
4
4
4
4
1
1
4
1
4
1
4
1
4
4
4
1
4
1
1
1
1
1
1
4
4
4
4
4
4
4
1
1
1
1
1
1
1
4
4
4
4
4
4
4
4
4
4
4
4
4
4
4
4
4
4
4
1
4
4
4
4
4
4
4
1
4
1
