0 round of counting
80185
36125
8952
14674
16169
8898
17069
191864
39040
38502
241453
485424
521660
6871901
652420
1629471
2706788
248850
314754
89234
230983
666182
3253530
720883677
2082716
6527680
56430364
68246445
80200858
92397145
104718457
117160460
130153767
143464605
158828752
525466
731285887
3949098
625551
398014
609758
684055
1322142
7486570500
7158193959
7168479240
7493066818
6358487029
5413405854
7208899991
1 round of counting
62456
43748
13426
18877
20513
12798
18506
141398
41104
40187
211606
391395
409550
7730691
484912
1407833
2137579
177935
278661
75022
170017
502922
2829876
1117089952
1821912
3702493
89896109
111676331
131377172
150262769
167050178
180987376
191384750
203279899
218915469
570922
1177696886
4147302
448001
336657
510506
486731
1072638
12568114295
11592367745
11683330797
13339624764
11160080794
10089574972
12038262465
2 round of counting
668
765
494
554
620
475
532
1367
724
687
1198
2011
2219
21384
2470
3844
5138
1343
1343
868
1102
1831
4970
245510
835
9102
94765
95747
95302
93890
97373
93401
92384
92559
92459
1346
262288
5107
2187
1359
1592
3020
2849
1481023
1185680
1169752
1232714
1257828
1197771
1216679
3 round of counting
1084
787
480
565
617
509
530
1308
774
728
1394
2112
2391
20871
3050
3939
5301
1364
1333
891
1078
1874
4852
257926
1449
10734
96957
95464
97102
98023
98707
97666
95861
101942
99040
1632
274501
6119
2288
1432
1576
2820
2661
1651865
1240694
1266778
1332535
1322015
1322754
1340387
4 round of counting
401
29
2
2
4
8
0
37
7
2
108
22
2
477
469
59
21
6
9
3
5
8
10
8925
621
56
2981
3544
3474
3589
3519
3583
3654
3588
3655
399
9806
810
36
23
9
5
10
97976
74518
73534
88418
89392
89746
79380
5 round of counting
872
981
686
789
844
653
754
2894
1071
962
4083
7858
9441
387421
10293
39708
66931
4466
4726
1350
2722
9297
79172
25727955
25748
57504
4542988
5017831
5418242
5713671
5945353
6078932
6136215
6156961
6206169
4905
27375811
86645
8633
5629
7710
9880
18970
248355993
229874796
232324424
270900162
222133206
218380639
246463947
6 round of counting
10607
15672
4374
6676
7432
4232
7401
70210
16353
16053
92441
182701
195726
3349318
239890
657316
986334
93061
127609
33963
82123
223688
1115491
329254031
738899
2150859
32224230
39816159
47321993
54403169
60653116
65308062
68748071
72267615
74226392
203096
346219208
1568177
221650
149455
222793
241833
462111
3721365221
3426839820
3439694968
3864785407
3693199851
3474795896
3543163894
7 round of counting
443
41
7
2
5
1
2
96
2
2
131
235
4
5862
736
129
12
8
8
8
5
14
7
1303930
4729
59
236782
313643
331563
334777
334042
333623
333457
333814
334327
1142
1305183
4326
36
24
9
9
11
12212508
12105985
12238575
12116385
12314434
12105900
11989841
8 round of counting
151
288
211
222
237
200
209
1967
353
282
2729
5912
7063
387280
8253
35472
61727
2982
3429
488
1733
7402
73907
26676931
27971
47482
4716237
5208223
5628375
5925926
6160278
6291196
6350472
6370286
6420176
4411
28297336
85075
6352
4341
6159
7226
16151
258447432
239975811
242436970
280411849
232265790
229204756
256484810
9 round of counting
266
311
205
210
233
206
217
2046
370
312
2710
6390
7101
392116
8585
35827
61157
3006
3386
536
1851
7611
74025
27977881
32085
47929
4951899
5518430
5954588
6255820
6489518
6623213
6679585
6699896
6751077
5197
29572453
88453
6359
4243
6271
7257
16001
270831066
251559623
254454261
292503941
244139641
241265984
268449065
10 round of counting
40
8
0
0
0
0
0
65
1
0
22
471
0
5758
297
102
0
1
2
0
1
2
1
1296077
4097
9
235778
310448
328081
331170
330238
329943
329952
330232
331120
689
1294554
3530
8
9
0
1
2
12432560
11931088
11945098
11875081
12041988
11886999
11965815
11 round of counting
17589
22048
6843
9367
10515
6487
9802
68672
21519
21214
105587
187302
202225
2462655
223670
616258
932619
93298
151576
39540
85747
251384
1284565
285589139
581276
1789906
23643635
32876383
42832307
52019234
58690461
62094143
62902197
63810917
67928396
214027
312273226
1702644
230284
168097
255068
251699
515583
3123159857
2832548614
2865734752
3546638839
2676481787
2453044651
3044544272
12 round of counting
17459
21589
6810
9495
11160
6411
9664
69205
21611
21186
105893
185550
200653
2463256
222904
614759
931649
92264
151552
40019
86491
252359
1286030
285739175
572611
1765126
23641953
32864859
42811319
52017746
58674102
62082547
62888220
63795547
67912746
213366
312641121
1699408
229429
167559
253898
252850
518009
3122639676
2833978560
2866565619
3512202269
2678335326
2452333226
3045551009
13 round of counting
994
663
473
494
549
446
482
1068
636
561
1048
1426
1493
16315
2011
2591
3074
1058
977
677
876
1545
2921
228796
1150
2797
82407
82941
83206
83690
83164
84026
84207
84897
83031
1283
235779
3955
1523
984
1106
2171
1883
1396033
1169120
1276056
1222362
1203337
1196849
1201851
14 round of counting
26768
37680
10089
15560
17507
9968
16536
146724
38381
37983
206263
386012
416489
5227077
490095
1301614
1958548
193122
295448
75472
180519
506943
2418822
505927823
1342428
4199388
47794242
63926485
81168501
97068364
109411193
116988084
120494947
123143678
129319167
430014
542639045
3297744
479560
332636
504156
521901
1036891
5507354219
5012548609
5007757496
5956079141
5154905655
4809227074
5241162122
15 round of counting
26902
38433
10832
15901
17818
10501
17266
150060
39236
39221
210233
390845
423752
5584652
497307
1331667
2008093
197075
298923
77250
182169
513297
2483162
527265071
1342589
4244258
51567711
68264767
85942940
102292084
114918959
122570551
126175911
128929382
135300890
432230
565699381
3382321
483074
335986
508809
526127
1048343
5713450147
5166010925
5210121581
6217231425
5365759856
5016866038
5457174339
16 round of counting
1236
942
663
737
769
658
685
2382
921
862
3287
6872
7437
352370
9128
31617
54109
3310
3696
1136
2359
7215
66731
21274134
16586
25541
3815713
4325986
4756439
5206375
5512208
5673425
5793194
5898816
6014420
5572
23112309
81267
5552
3979
5815
6822
14315
213707076
187494554
189771180
240813877
212642915
206642373
205300087
17 round of counting
9519
16227
3811
6498
7158
3835
7390
79405
17196
17330
101951
200412
215583
2776816
264489
686400
1021408
103422
145559
37203
93869
256658
1126657
220696610
759724
2464027
24202424
31148058
38402916
45135098
50822467
54930410
57602999
59410795
61482775
219843
230282964
1601216
251204
164744
251637
272730
518617
2384722666
2154537942
2156760773
2426407790
2478604792
2359519492
2203168740
18 round of counting
9939
16510
3904
6659
7371
3912
7510
80613
17390
17574
104494
206519
221636
3111664
272280
714831
1070977
104905
148333
37629
95839
262437
1190718
241774853
773803
2488013
27951547
35409083
43091778
50265693
56230644
60536291
63313467
65220226
67429486
226798
253203156
1681034
254930
167664
256087
276467
529725
2597059694
2344609046
2345149149
2664592032
2692917940
2565306334
2406369832
19 round of counting
237
265
207
218
224
205
210
1411
326
272
2229
5279
6043
335590
7115
28975
50740
2378
2781
540
1398
5719
63837
21053345
15113
23438
3735700
4245099
4666303
5114723
5421761
5595490
5706686
5811189
5934276
4292
22877317
77448
4022
3003
4964
4304
12513
212593601
186259902
188737919
239172629
211742105
205580754
203788118
20 round of counting
13
1
0
0
0
0
0
7
0
0
1
12
0
1903
183
60
18
0
0
0
0
0
0
9000982
2126
23
109591
223095
363121
483972
600343
713229
719455
766320
752471
904
9042096
2178
1
0
0
0
0
103448289
102027013
102020642
102031104
102008460
101880298
101908343
21 round of counting
25
4
1
0
0
0
0
0
3
3
1
0
0
111
92
2
0
1
0
0
0
0
0
98
76
3
667
455
305
1164
1167
469
382
373
211
74
796
86
0
0
0
0
0
1363
846
615
746
693
751
2610
22 round of counting
37
6
2
2
2
0
0
8
2
2
4
13
0
1984
277
82
45
22
24
21
27
56
35
9005768
2210
25
109662
224674
365553
485632
601989
717760
723444
764572
758883
982
9040683
2259
2
1
2
1
2
103510491
102026911
102021040
102033201
102010634
101876517
101912514
23 round of counting
46285
13204
6475
7153
8288
5889
6504
19251
10479
10123
36879
40951
40521
2028049
55940
175774
178146
20972
36397
14123
22392
53794
268548
92198525
126776
98584
20209891
21104744
22216692
23272395
23938979
23830805
22931404
22606744
23562325
91848
101987234
503930
48014
40753
56904
52121
105424
929039614
829799845
842582501
1117634090
813148411
795102200
916103879
24 round of counting
0
0
0
0
0
0
0
0
0
0
0
0
0
4
0
1
1
0
0
0
0
0
1
453
1
1
36
46
50
63
66
75
79
88
91
0
485
3
0
0
0
1
0
5202
4770
4791
5494
4584
4101
4988
25 round of counting
2872
4834
1266
2063
2231
1233
2524
26460
5215
5357
29430
62137
64813
1073026
90425
212525
292773
34697
37057
11738
27189
75625
362544
82443594
246248
847876
7817141
8561777
9295142
10055846
10840958
11642756
12515485
13482501
14805178
61662
81249480
401271
75993
42242
63660
82620
138519
829587122
854374586
853586358
813647212
608018283
524503706
841277299
26 round of counting
416
556
120
182
217
99
166
720
522
509
2360
2981
3296
17921
2086
9047
15532
1145
3607
801
1586
5314
34018
8785960
3146
6391
362401
721005
1098482
1429118
1642603
1719762
1694898
1687615
1876774
4377
10379542
44662
3716
4031
6122
3680
12002
99670333
88544702
90502549
129865894
72587808
62495560
101857477
27 round of counting
5111
8507
2276
3691
4003
2213
4346
45351
9637
9405
49288
102410
108151
1535786
156194
336521
487441
60160
65658
20797
49530
132433
594940
122158931
430232
1529867
11015578
12294170
13604532
14971640
16394852
17849867
19428470
21163590
23459145
121544
121895287
724151
137587
77857
112939
148281
245487
1214407896
1226854800
1227209711
1206428820
900677302
767053343
1220400889
28 round of counting
74
279
21
56
59
33
28
5975
117
140
8400
20887
20954
650649
24665
91455
108932
7932
7936
656
3520
15957
108486
21008156
35681
20815
5244056
5242285
5243559
5242065
5244120
5244082
5242015
5243583
5240629
7959
21015119
115709
8707
8613
16467
10148
35962
190080596
187394419
187392716
187393183
187400199
187422692
187491316
29 round of counting
5122
4562
759
1363
1554
660
1580
20371
4342
4081
41223
91787
91637
1436927
87446
342856
690272
23131
49821
9364
31800
127057
971517
667174546
1063918
718091
39103030
51895780
58972931
66120602
76952352
89187654
99890392
111314182
120853626
237961
690769201
1638075
88039
84821
140963
96954
314736
7970781180
7185236855
7183454733
8029313105
7387043451
6555187576
7343273838
30 round of counting
0
0
0
0
0
0
0
0
0
0
0
0
0
0
0
0
0
0
0
0
0
0
0
0
0
0
0
0
0
0
0
0
0
0
0
0
0
0
0
0
0
0
0
0
0
0
0
0
0
0
31 round of counting
0
0
0
0
0
0
0
0
0
0
0
0
0
0
0
0
0
0
0
0
0
0
0
0
0
0
0
0
0
0
0
0
0
0
0
0
0
0
0
0
0
0
0
0
0
0
0
0
0
0
32 round of counting
0
0
0
0
0
0
0
0
0
0
0
0
0
0
0
0
0
0
0
0
0
0
0
0
0
0
0
0
0
0
0
0
0
0
0
0
0
0
0
0
0
0
0
0
0
0
0
0
0
0
33 round of counting
0
0
0
0
0
0
0
0
0
0
0
0
0
0
0
0
0
0
0
0
0
0
0
0
0
0
0
0
0
0
0
0
0
0
0
0
0
0
0
0
0
0
0
0
0
0
0
0
0
0
34 round of counting
0
0
0
0
0
0
0
0
0
0
0
0
0
0
0
0
0
0
0
0
0
0
0
0
0
0
0
0
0
0
0
0
0
0
0
0
0
0
0
0
0
0
0
0
0
0
0
0
0
0
35 round of counting
0
0
0
0
0
0
0
0
0
0
0
0
0
0
0
0
0
0
0
0
0
0
0
0
0
0
0
0
0
0
0
0
0
0
0
0
0
0
0
0
0
0
0
0
0
0
0
0
0
0
36 round of counting
0
0
0
0
0
0
0
0
0
0
0
0
0
0
0
0
0
0
0
0
0
0
0
0
0
0
0
0
0
0
0
0
0
0
0
0
0
0
0
0
0
0
0
0
0
0
0
0
0
0
