0 round of counting
23181
19031
9087
6456
7878
12610
14488
3702
12742
19829
67180
63840
9611
14037
125337
122682
20204
28911
66691
13150
9972
31483
14849
18616
30708
46048
30603
57401
33487
35936
18148
42852
34339
13004076
13004272
13200474
23895
17182
16284
39307596
52736572
131135601
165466788
225775502
176575888
100041434
92411453
165775603
177369019
64999680
407474
40377333
139131611
5647740
13101
9988911
76311779
54837866
345667
26332550
68175441
25005440
54695910
527395
103833966
52307381
58682382
58682661
6375585
2189721
118088957
8166
10719
23509
14026
17709
15481
8056
11424
33694623
84694377
42130879
133832698
1 round of counting
16861
25721
14805
11953
13411
20519
22328
9735
20349
28089
63172
58600
17745
20884
176925
171287
23130
28943
92454
21001
16768
29549
20797
28019
33476
43429
46245
86114
42293
39808
20703
44585
36134
36042658
35992718
36174652
30569
26864
24360
26944925
48360827
120040200
149969487
189933501
164605846
102756213
75418131
151408674
164569003
79983638
361107
30027277
140372825
7216088
19564
6887920
65219022
65094324
314191
21472622
52259067
38490060
83963995
435697
116742333
63194194
51215688
50709639
9330043
2807749
91979386
16975
17362
37885
17418
19784
18229
13163
15194
52104246
92003213
61836645
144116895
2 round of counting
518
492
388
369
395
406
359
363
410
451
668
508
413
409
488
480
444
504
457
442
365
441
402
415
581
631
430
459
502
455
414
548
501
469
404
428
484
442
428
1608
887
1832
2484
3513
1936
1285
1458
2731
1467
724
708
2099
1968
467
462
973
1163
771
607
1772
1883
502
2213
832
3554
1741
945
1622
517
517
2246
347
381
369
388
404
383
382
390
614
2056
598
2031
3 round of counting
589
490
388
381
363
390
368
353
417
434
524
543
409
398
466
477
458
452
471
419
376
403
392
386
468
559
415
424
458
432
410
514
454
471
458
439
452
460
444
3746
1099
2411
1903
2948
2231
1355
2051
1888
2305
921
613
1524
15176
605
493
740
1061
815
640
1164
2008
513
907
757
4279
2221
1280
1207
613
530
3005
477
395
392
391
380
374
379
368
483
1787
585
1868
4 round of counting
52
20
0
1
1
2
0
3
1
0
5
1
0
0
0
1
0
1
3
0
0
0
0
0
0
1
0
0
0
1
0
0
0
1
0
0
0
0
0
2
35
296
524
646
633
476
270
357
622
357
74
22
76
75
15
10
13
19
35
21
22
14
3
8
14
9
138
173
79
14
174
146
16
20
3
6
1
0
1
2
30
13
23
5 round of counting
682
632
555
534
564
554
551
532
588
648
761
769
633
572
670
724
662
610
673
613
540
574
565
610
687
742
619
656
662
668
604
677
636
703
629
661
681
662
639
5742
126188
281637
318973
433184
356324
259405
228257
314009
354969
553117
1227
82830
797625
666
643
2208
5431
474081
1174
53953
192270
686
51582
1876
63989
5920
99026
101339
18784
8081
213019
540
576
556
575
573
579
548
569
836
8229
942
1141792
6 round of counting
4910
8326
4784
3651
4210
6839
7684
2593
6776
9920
28211
26796
5494
7316
62768
61490
9051
12334
33390
6931
5632
13074
7551
9788
13573
19226
19119
30395
16050
16162
8214
18972
15528
10681450
10645635
10799424
11546
9123
8544
14936515
20421658
52306627
63212310
85525048
69324924
41972708
35837447
62660933
69458375
30491394
167074
15503431
59692518
2707280
6710
3789539
29934516
25268976
143313
10478075
26522890
15830251
27051608
211027
45665277
25541593
21658916
21641271
3102837
1023854
43668321
4685
5709
13510
6618
7997
7116
4307
5507
18892264
37462490
21212945
60201714
7 round of counting
47
12
0
0
3
2
0
2
0
6
3
1
0
0
0
0
0
0
0
1
0
1
0
0
0
0
0
0
0
0
0
0
0
0
1
1
1
0
3
4
703
2141
4021
6075
5477
2635
679
1628
5461
1351
72
59
675
65
30
9
10
726
13
21
67
15
4
8
10
9
1396
321
69
9
601
135
8
33
5
4
1
2
2
3
27
6
284
8 round of counting
197
169
174
168
173
167
171
170
187
199
220
201
188
177
235
224
199
190
205
193
169
181
178
201
218
215
190
194
201
192
187
200
191
215
200
223
231
202
196
5263
138001
290755
335067
450781
374884
265368
222826
336379
372199
554670
718
81563
796740
217
225
1645
4701
474916
623
53070
190239
213
53276
739
63958
4936
103309
103680
18469
7465
219592
184
180
178
181
176
175
178
184
381
6257
402
1142258
9 round of counting
176
184
188
181
182
185
181
173
185
203
207
205
193
179
233
229
209
186
220
206
175
184
180
200
210
219
194
208
197
195
186
206
193
211
210
226
220
203
190
5104
139561
292544
339121
456282
381914
267341
223749
337483
379291
555926
687
82238
797303
212
199
1414
4385
474769
663
53181
190478
238
54298
792
60753
4923
105192
104730
18349
7467
218645
203
184
177
181
180
178
184
183
391
6070
370
1141982
10 round of counting
3
0
0
0
0
0
0
0
0
0
0
0
0
0
0
0
0
0
0
0
0
0
0
0
0
0
0
0
0
0
0
0
0
0
0
0
0
0
0
0
641
1830
3183
5208
5063
2107
446
1248
4921
1067
3
13
622
3
1
0
0
739
3
9
47
1
9
5
0
0
1464
283
4
0
303
10
0
3
0
0
0
0
0
0
1
0
271
11 round of counting
7935
11476
6192
5094
5520
9439
9732
4060
9195
12583
27211
23304
7901
9244
85643
83070
9496
11557
43843
9515
7110
11449
9440
12923
14026
18011
16214
41562
18841
16927
8440
18995
15139
7605038
7604938
7652839
13763
12368
10989
9704955
22992332
54890358
72521120
87887479
76548222
49397030
32639638
72863336
77274315
40673435
143492
11684588
66362223
3083467
8752
2475856
23981056
32391714
124737
8348499
21995880
10208704
41994073
174126
54757528
17318087
23661714
23639461
4755023
1399009
40043681
6390
7386
16080
7106
8014
7414
5558
6333
21517646
39390914
28336972
70256080
12 round of counting
7903
11557
6070
4966
5567
9216
9859
4119
9195
12663
27123
23584
8009
9250
85875
82882
9519
11903
44162
9443
7060
11307
9431
13242
14105
18027
16221
41484
18767
17089
8484
19030
15205
7607885
7607108
7655331
13500
12410
10954
9708822
22995389
54948067
70714133
86555524
76788777
49375897
32932321
72945411
77334935
40656330
144959
11649317
66513823
3078170
8409
2475590
23971930
32406919
123867
8405820
21992109
10207220
42084267
174372
54727413
17317969
23646201
23637703
4758741
1402055
40039209
6129
7383
16288
7008
7976
7545
5590
6303
21516120
39385846
28333240
70248910
13 round of counting
487
436
358
368
334
361
361
369
365
400
418
398
393
371
403
423
410
356
421
429
364
362
365
397
407
407
410
380
404
392
373
377
397
421
415
380
409
386
395
745
697
1349
1454
2083
1614
1056
1340
1156
1682
830
461
954
1363
453
423
505
764
675
452
744
1162
458
540
487
1023
736
808
752
469
460
1480
422
366
349
338
345
356
332
354
449
877
470
1244
14 round of counting
11777
20046
10581
8104
9301
16034
17674
5871
16182
23063
61199
55898
13155
16438
161708
156457
19220
25953
83117
16378
12545
26519
16882
23604
29589
40420
34253
76317
36560
35300
17270
40901
32472
17210195
17210949
17353407
25797
21191
19453
28815213
47653011
118985639
150000707
196332767
162584515
100660474
76659130
151170682
162494052
76131433
350695
31116892
138321046
6205967
14923
7331313
60332220
61873649
300354
21304815
54964478
25791718
75003343
437087
111021399
46026804
50671879
50643453
8551925
2651489
93602217
10096
12996
29839
13806
16478
14845
9547
11817
42436250
85262346
53176951
141042161
15 round of counting
12650
20443
10873
8222
9858
16401
17787
6274
16409
23575
61263
56297
13591
17037
161897
156644
19751
26354
83630
16898
12847
27062
17299
23833
30075
41254
35099
76929
37269
35793
17553
41468
33160
17213048
17211010
17353968
26479
22373
20073
28723655
47747100
119033722
150151963
193620011
163040438
100907526
78633120
150412493
162811093
76637241
351929
31106241
138957680
6208260
15625
7332547
60339450
62346638
302773
21352276
55127304
25791071
75141935
437493
111179423
46029753
50253685
50233770
8568276
2656767
93313720
10633
13076
30691
14053
16795
15109
9817
12132
42447660
85280873
53182761
142106180
16 round of counting
656
603
567
556
520
559
539
534
563
634
609
596
590
551
623
629
590
542
698
609
544
535
546
585
623
583
605
588
588
597
555
566
572
660
611
651
702
605
583
3910
106527
231821
264422
372427
306303
213632
193010
258833
305060
490983
1003
68323
714076
647
600
1611
5339
419783
833
37630
170095
668
51725
976
62948
4860
70860
65157
18930
6258
174968
609
559
556
555
540
544
526
541
697
6310
948
1013830
17 round of counting
4629
8649
4564
3272
4003
7112
7976
1860
7040
10722
34122
32372
5310
7492
75889
73879
9883
14262
39203
7057
5473
15332
7912
10569
15446
22893
18476
35450
18222
18777
8847
22293
17622
9604755
9604712
9699503
12557
9620
8902
19008750
24650210
63967481
77280376
104819157
85257494
51271114
43783812
77043923
85000553
35400748
206389
19284362
71677868
3122631
6843
4829924
36249568
29456011
176964
12934560
32844151
15582721
32941209
262013
56187766
28609662
26491764
26484553
3798117
1250287
54863750
4072
5601
14363
6998
8685
7630
4113
5657
20926719
45792035
24851793
70726516
18 round of counting
4698
8689
4789
3517
4184
7160
8184
2117
7362
11043
34395
32583
5470
7743
76202
74146
10117
14463
40684
7321
5653
15591
8256
10823
15761
23016
18672
35493
18503
18967
9163
22518
17861
9605220
9604960
9699751
12773
9847
9212
19016371
24755693
64201539
77547239
105264316
85558279
51440087
43969813
77265687
85269824
35884756
206762
19345276
72382457
3123736
6995
4830933
36253310
29870101
177209
12964678
33017956
15582888
33034527
262711
56311302
28615074
26551267
26545328
3813076
1255342
54509597
4231
5762
14393
7105
8929
7802
4233
5825
20920387
45765531
24816172
71748408
19 round of counting
175
182
180
172
175
173
176
169
183
204
201
189
183
177
220
220
189
184
204
185
172
172
172
183
203
208
184
196
188
192
189
190
186
215
204
212
203
194
192
3535
106063
230878
262114
374072
304268
211616
191632
257593
304118
490981
448
67204
712124
207
187
1114
4502
420028
407
37215
168447
236
52380
572
58230
3323
69336
64336
17777
5722
172223
197
185
169
181
174
177
175
179
240
5258
400
1010684
20 round of counting
0
0
0
0
0
0
0
0
0
0
0
0
0
0
0
0
0
0
0
0
0
0
0
0
0
0
0
0
0
0
0
0
0
0
0
0
0
0
0
2
46
274
718
728
718
411
5
351
742
294
12
65
20
0
0
0
0
17
0
3
1
0
0
0
1
0
171
17
0
0
6
0
0
0
0
0
0
0
0
0
0
0
1
21 round of counting
0
0
0
0
0
0
0
0
0
0
0
0
0
0
0
0
0
0
0
0
0
0
0
0
0
0
0
0
0
0
0
0
0
0
0
0
0
0
0
0
0
1
97
128
66
93
10
0
111
81
8
0
0
0
0
0
1
0
0
0
0
0
0
0
0
0
0
0
0
0
3
0
0
0
0
0
0
0
0
1
1
0
1
22 round of counting
1
0
0
0
0
0
0
0
0
0
0
0
0
0
0
0
0
0
0
0
0
0
0
0
0
0
0
0
0
0
0
0
0
1
0
0
0
0
0
0
81
286
804
897
818
479
17
364
818
281
9
1
31
1
0
0
0
21
0
0
1
1
0
0
0
0
122
13
0
0
4
0
0
0
0
0
0
0
0
0
2
0
1
23 round of counting
7245
9013
5809
5634
5561
6680
6604
5787
6976
7565
8908
7528
6844
6597
23586
23221
6330
6013
14429
7368
6153
5853
6506
7404
7239
7075
9805
13675
8205
7681
5895
7665
6928
1823301
1823042
1824075
7436
7465
7052
33275
3226106
7598764
10858930
9042589
11486551
8505089
3251230
10607856
11511188
8329476
21037
622438
11050981
568933
6564
14678
1894494
6382580
18594
665010
1746579
1825265
9724863
21299
9831474
1849411
3013793
2914906
1061398
296053
3638503
7498
6008
7912
5536
5380
5584
5470
5335
4196214
5656297
5527049
12381402
24 round of counting
0
0
0
0
0
0
0
0
0
0
0
0
0
0
0
0
0
0
0
0
0
0
0
0
0
0
0
0
0
0
0
0
0
15
15
15
0
0
0
12
20
52
64
81
65
43
31
64
71
34
0
13
57
3
0
3
27
27
1
9
23
16
35
0
49
26
22
20
4
1
39
0
0
0
0
0
0
0
0
22
38
26
59
25 round of counting
1123
1615
1194
864
1035
1386
1561
527
1448
2221
8200
8082
1103
1556
12482
12127
2640
3754
6679
1528
1075
4162
1730
2000
3878
5908
2548
5692
3852
4379
2364
5161
4243
800593
800609
826568
2727
1973
1867
5201190
5175750
13839218
16334869
23869779
18150178
10002268
10547588
16397140
18102312
6192239
50960
5049725
15104546
503965
1674
1321529
8595162
5429509
43290
3279864
8261952
1800747
5843842
66059
12135760
6001189
5992849
5992751
626123
213973
13460777
1051
1323
2106
1854
2329
2030
1042
1501
2907828
9653520
3935309
14477375
26 round of counting
149
235
91
76
83
169
165
72
197
255
405
253
149
143
2354
2181
122
132
1101
184
113
80
162
287
212
227
128
1052
358
258
93
258
191
91
85
79
228
267
210
371
332520
814790
1108503
1120239
1221587
959091
361335
1113622
1223368
1091948
1335
58784
1408842
38680
156
327
47331
805755
1097
47757
212661
134
1411271
1091
1432801
357
273958
273690
156696
39998
297393
113
134
259
84
89
74
72
69
414325
748059
720015
1660939
27 round of counting
2014
2970
2122
1521
1840
2604
2900
883
2752
4232
15331
14793
1999
2907
23389
22884
4720
6785
12650
2813
1993
7447
3226
3815
7085
10790
4318
10328
7054
7936
4255
9572
7801
1201007
1201049
1247483
5230
3588
3362
9301960
11475156
28777781
36358940
51494779
38784284
20826664
21703404
36332910
38862326
12721671
93438
9863013
30488433
902037
3089
2364043
15304991
10966335
78792
6270918
16270668
3001303
9163682
124018
21197557
10501960
13304833
13304819
1141357
421982
28223508
1867
2408
4038
3314
4173
3630
1870
2687
5126255
16980535
6625334
28663944
28 round of counting
28
145
28
19
28
106
136
12
138
185
275
147
79
112
1652
1592
25
89
821
85
90
25
88
201
225
158
609
806
258
192
78
218
153
600006
600006
600006
278
167
174
12
453239
944311
1350026
1350026
1350026
915422
356876
1349987
1349987
554805
4036
129190
688346
89372
89
98
486905
496823
4177
196241
132380
600009
601964
4724
601964
600006
525011
525020
66221
23503
525014
22
46
379
22
25
28
31
25
600078
600386
600389
675020
29 round of counting
1650
4348
1904
1235
1558
3396
4178
438
3037
5245
16134
16631
2730
3678
39331
38604
5782
6940
21764
3315
2832
8084
3787
4970
7394
10727
16762
18848
9285
10118
4241
11191
9090
22189724
22173418
22223016
5959
4519
4275
9681498
11000587
31380024
32655885
51235117
39308045
22402290
22002901
32892614
39217076
15696617
112667
10370403
34116004
2490679
2680
2448803
25672915
13387340
98928
7291903
16198136
20459274
18616511
138396
29809518
32068809
11701296
11677595
1947784
600156
27748264
1614
2370
9459
3020
3922
3776
1734
2657
18535967
28614215
18120720
32849051
30 round of counting
0
0
0
0
0
0
0
0
0
0
0
0
0
0
0
0
0
0
0
0
0
0
0
0
0
0
0
0
0
0
0
0
0
0
0
0
0
0
0
0
0
0
0
0
0
0
0
0
0
0
0
0
0
0
0
0
0
0
0
0
0
0
0
0
0
0
0
0
0
0
0
0
0
0
0
0
0
0
0
0
0
0
0
31 round of counting
0
0
0
0
0
0
0
0
0
0
0
0
0
0
0
0
0
0
0
0
0
0
0
0
0
0
0
0
0
0
0
0
0
0
0
0
0
0
0
0
0
0
0
0
0
0
0
0
0
0
0
0
0
0
0
0
0
0
0
0
0
0
0
0
0
0
0
0
0
0
0
0
0
0
0
0
0
0
0
0
0
0
0
32 round of counting
0
0
0
0
0
0
0
0
0
0
0
0
0
0
0
0
0
0
0
0
0
0
0
0
0
0
0
0
0
0
0
0
0
0
0
0
0
0
0
0
0
0
0
0
0
0
0
0
0
0
0
0
0
0
0
0
0
0
0
0
0
0
0
0
0
0
0
0
0
0
0
0
0
0
0
0
0
0
0
0
0
0
0
33 round of counting
0
0
0
0
0
0
0
0
0
0
0
0
0
0
0
0
0
0
0
0
0
0
0
0
0
0
0
0
0
0
0
0
0
0
0
0
0
0
0
0
0
0
0
0
0
0
0
0
0
0
0
0
0
0
0
0
0
0
0
0
0
0
0
0
0
0
0
0
0
0
0
0
0
0
0
0
0
0
0
0
0
0
0
34 round of counting
0
0
0
0
0
0
0
0
0
0
0
0
0
0
0
0
0
0
0
0
0
0
0
0
0
0
0
0
0
0
0
0
0
0
0
0
0
0
0
0
0
0
0
0
0
0
0
0
0
0
0
0
0
0
0
0
0
0
0
0
0
0
0
0
0
0
0
0
0
0
0
0
0
0
0
0
0
0
0
0
0
0
0
35 round of counting
0
0
0
0
0
0
0
0
0
0
0
0
0
0
0
0
0
0
0
0
0
0
0
0
0
0
0
0
0
0
0
0
0
0
0
0
0
0
0
0
0
0
0
0
0
0
0
0
0
0
0
0
0
0
0
0
0
0
0
0
0
0
0
0
0
0
0
0
0
0
0
0
0
0
0
0
0
0
0
0
0
0
0
36 round of counting
0
0
0
0
0
0
0
0
0
0
0
0
0
0
0
0
0
0
0
0
0
0
0
0
0
0
0
0
0
0
0
0
0
0
0
0
0
0
0
0
0
0
0
0
0
0
0
0
0
0
0
0
0
0
0
0
0
0
0
0
0
0
0
0
0
0
0
0
0
0
0
0
0
0
0
0
0
0
0
0
0
0
0
