0 round of counting
53487
33756
28225
12705
34343
143447384
980277955
1751536484
271338444
1974394142
265566803
1017228637
2019731934
1800646954
2993787
406662
682705588
458311565
304975493
222177422
9804774
74654544
334019774
502765119
15103028
34050545
27101340
988866104
436362841
95196300
857466197
139855108
405374736
533579175
624630288
92408019
112835639
1041988880
101196696
40454809
586122458
786580897
1613893687
237275818
1428891846
114146078
16281509
36995618
740106190
30763977
825395211
2888513
1 round of counting
41415
33394
28713
14816
30830
80044372
538107588
1001462090
186710594
1130554484
198483700
607953886
1141692125
982814816
1876069
286191
379650366
254242061
167760912
125396293
5782172
41951869
184722518
276782530
8853848
19377425
15467689
544736864
240216496
53299472
474090424
78454012
221321662
295986774
343150526
52264453
62995283
580890702
57340624
23289258
324185299
439069907
878480023
130336233
778914826
64032048
9346367
20995105
404629965
17471023
450487523
1764001
2 round of counting
700
563
525
503
514
57536
56212
264149
268591
238326
273059
266832
307368
41114
1035
959
18287
22839
12887
16022
6304
14245
15133
17367
5587
7299
3664
17961
16803
4216
28313
17637
28837
24170
16809
4707
10616
19113
6576
5803
28871
24494
32278
14978
37894
8702
5589
5833
31570
8308
24557
1464
3 round of counting
830
605
515
451
480
82890
56841
254265
300907
311210
271234
271815
306544
29006
1005
809
25951
22088
19137
26703
7944
15703
33998
10721
4670
5117
4954
28870
17585
8280
25465
12427
28175
24308
10038
9941
11734
31916
8314
4541
23344
21780
28772
12760
47491
5392
5638
7522
31201
3986
20530
1603
4 round of counting
76
13
2
2
1
158
356
1931
1793
2193
2031
2162
1838
923
149
20
101
100
32
12
6
9
19
46
86
17
14
126
142
25
89
109
138
258
76
14
6
169
161
29
52
97
252
203
136
117
25
10
19
20
15
14
5 round of counting
441
737
710
659
691
1305573
2326944
8994111
2602472
13976256
3232972
3891485
13687074
9698968
76607
1879
1213298
760640
750325
281236
56046
94777
428087
895874
77553
53433
48572
2177540
1028229
133429
1686733
211469
1689339
925522
1434564
178364
125476
2287831
220788
74195
993199
1539623
6677140
1256747
8547951
164292
43740
82197
4336639
89743
3735372
57690
6 round of counting
14411
13874
11733
5705
13731
29509628
156187872
325044592
78377876
365267218
82803460
196190126
367395318
305693621
1085009
135529
111434685
74379652
51225615
37495408
2412834
13043631
54144847
82805873
3425990
6484704
5226998
158423352
72199776
16559249
137216506
23849537
68476559
86337972
101940484
16327639
19261620
170214843
17969815
7577097
93737230
126620976
268461968
42274567
242457253
19707956
3565237
7194961
126426339
6062985
140455619
992293
7 round of counting
81
8
5
5
1
260
480
38802
36022
46352
49682
48413
37574
6298
232
32
137
150
54
36
27
8
58
75
75
14
6
284
307
78
335
196
295
382
262
60
23
333
232
38
111
212
594
273
277
173
40
20
67
16
68
37
8 round of counting
236
190
204
194
234
1222040
2292564
8737388
2363378
13728283
2948307
3626088
13461707
9684581
78809
1002
1197788
740273
739276
270270
48602
86102
422735
880931
73422
42925
44185
2132534
1009190
121668
1658589
196100
1676383
895219
1413794
169529
111657
2259334
209634
70643
964111
1512038
6662105
1242727
8507591
158747
39476
72972
4306804
84614
3712481
56644
9 round of counting
255
193
204
176
237
1219614
2283559
8776233
2397787
13769470
2988420
3672804
13497094
9699444
78875
1049
1180563
741197
739655
270380
48495
85826
419230
881633
73330
42256
44347
2138297
1014707
121095
1670980
195517
1673175
902717
1410675
169659
111744
2270818
209584
71049
960832
1518825
6659004
1242635
8510548
158827
39871
72581
4306718
85285
3715300
56405
10 round of counting
9
0
0
1
0
76
161
37299
33123
44334
44005
44809
34630
6109
142
4
24
28
13
8
1
2
67
48
14
2
2
155
52
12
176
40
145
102
50
9
9
123
60
5
15
82
293
94
109
32
4
5
34
10
25
1
11 round of counting
19070
15896
13327
6926
13536
26894691
175128641
342597435
74978982
388590695
79704698
212710227
391105484
322512552
799883
129954
124904815
84799202
56315220
41861346
2265332
14574034
61457785
90231832
3352870
6840403
5548710
179988022
80094617
18321251
156432486
26793716
71971667
98430031
113925257
17987061
21515350
190079100
19651811
8168514
106385596
144002533
288610672
44222002
258419522
21893011
3438695
7274392
135341470
6280804
148983302
757125
12 round of counting
18896
15682
13570
6871
13808
26998059
175028131
342465983
74910910
388577343
79676144
212586340
390557594
322423324
808808
128741
124976754
84816538
56325468
41977621
2267693
14635926
61562647
90286709
3352806
6867489
5548987
180047697
80158852
18375114
156535114
26803354
72078492
98430887
113899295
18033654
21506621
189974962
19714915
8170976
106502189
144188685
288735891
44220545
258381226
21952249
3441667
7274709
135231236
6277121
148977810
757887
13 round of counting
654
479
417
376
408
3653
5519
21218
10842
28015
11248
13800
27030
16456
779
531
5385
4566
3170
1867
768
1222
2008
2415
1141
1373
850
6596
5045
1303
4757
2738
3291
4757
3915
1509
1358
5197
2661
1085
4151
5858
12233
5946
14848
2429
1324
1768
10517
1040
7946
733
14 round of counting
33993
30448
25830
12640
28769
58515470
349911520
702597434
164838662
791130743
170905032
431555000
799801487
657847165
1866536
297430
248681979
169267405
114292029
84144406
5077122
29758494
123482710
181745895
7252004
14399677
11647316
358056992
161707109
37447962
310861768
54249693
147393443
196229027
228857875
36730035
43706543
377761023
40065755
16859865
212632131
286581625
585839483
91226266
525717792
44585674
7388644
15388918
275442172
13211221
304289990
1761624
15 round of counting
35450
30847
26978
12769
29218
58777871
350251624
706126423
166422495
797166547
172354516
433459764
805122832
661089721
1879018
298002
248819953
169431682
114598748
84314840
5099361
29807643
123624327
181767014
7275569
14497642
11682556
358577099
162077848
37532228
311283789
54356647
147482759
196433050
229270426
36710688
43843487
378048217
40149964
16874388
212774661
286880292
587645216
91710412
528763096
44690159
7404021
15438049
277347707
13263483
305561124
1775623
16 round of counting
894
679
605
592
621
119758
343466
3584563
1292209
6171312
1871836
1853703
5683427
3072162
17495
1275
256695
200068
264373
103311
15614
37277
113678
180570
21893
22849
18186
447310
317469
46324
327539
74186
200491
228821
381156
60419
45738
498616
79303
29016
205165
379299
1789184
536481
3000607
60914
15473
46081
1678975
32607
1184667
14099
17 round of counting
15868
15518
13017
5551
15350
31636686
174910513
360183194
89958808
402456544
91076799
218957990
408599567
335431018
1089926
166985
123595131
84473269
58012792
42296103
2816537
15149898
61876445
91373432
3924487
7613647
6107562
178283335
81675242
19173597
154516218
27491601
75385445
97836917
114968196
18689388
22281686
187639080
20430395
8679930
106172352
142462280
297298645
47031735
267451200
22751242
3949357
8111966
140286557
6941532
155478805
1013974
18 round of counting
16191
15610
13194
5722
15432
31794738
175238620
363709022
91218375
408563944
92853229
220825583
414366900
338444377
1106046
167895
123859510
84655122
58248983
42360579
2831071
15180996
61981793
91531879
3946000
7633427
6126107
178580882
81920023
19179221
154807720
27545383
75592683
98101309
115345524
18778446
22337413
188114180
20512379
8710901
106382862
142943346
299075447
47540083
270447962
22811580
3964970
8156033
141916743
6976029
156598595
1027983
19 round of counting
205
190
186
179
212
117171
338066
3567392
1278815
6134476
1860897
1834619
5646833
3056722
18699
715
248356
193963
259794
100706
15375
36587
111306
174812
20958
20255
17681
440103
311755
45360
326746
70108
200072
224940
382947
59650
43440
468586
76460
27860
203664
378391
1778654
532345
2983350
59740
14217
46181
1669858
31966
1198595
13869
20 round of counting
6
0
0
0
1
329
379
1645
1206
1644
2149
2170
1222
457
44
3
267
260
6
4
1
0
2
42
86
37
1
244
242
5
115
165
210
280
8
2
0
85
143
3
163
318
388
177
189
168
4
0
104
4
27
2
21 round of counting
18
0
0
0
0
0
100
475
172
575
265
288
496
261
82
17
24
90
5
8
6
3
1
0
83
33
2
1
72
6
1
112
58
119
5
0
19
9
85
7
11
200
366
77
7
109
22
2
3
0
0
1
22 round of counting
23
0
0
0
1
328
600
2249
1372
2265
2336
2482
1493
828
117
25
385
427
92
8
2
8
11
44
181
66
4
236
419
11
127
270
248
402
15
3
6
93
263
39
160
538
770
324
481
282
35
0
100
3
26
4
23 round of counting
12589
8136
7630
5474
6835
601608
4299391
15462960
6935055
15748012
8673952
12199887
14134954
8264731
30740
20029
4416657
3231507
1898187
1614526
110784
661498
1969991
2068299
190323
319404
264256
6205707
2857465
707713
5323256
1200939
1200848
3713247
3708717
792940
812169
6434914
918257
410809
3248442
5164254
7946453
1437348
6456031
920743
167643
309859
3588960
296074
4062695
35688
24 round of counting
0
0
0
0
0
33
225
421
77
475
80
255
478
412
1
0
158
107
70
53
2
18
77
116
3
9
6
229
100
22
199
33
93
125
143
22
26
244
23
10
136
183
368
55
325
27
4
9
169
8
188
1
25 round of counting
4278
4512
3768
1698
4543
10213910
56744973
105745546
25058151
130718727
25648478
66152339
132534284
101573589
354929
45391
38935064
26447519
17393075
13094735
836840
4612064
19518945
29315631
1184781
2310137
1845399
55674473
24769964
5934070
48735694
8500601
24368000
30693754
35218963
5676087
6914253
58709612
6213014
2609807
33735533
44690806
88942569
14419199
84576031
7074390
1228601
2380616
44840908
2048867
46312094
323370
26 round of counting
450
298
255
101
196
30439
541854
2159227
964513
2180749
1282779
1697828
1882869
1028345
1710
2050
571388
410014
260610
225320
15385
91912
265368
276462
23067
39719
36297
797407
359183
96873
691556
146602
128544
465472
499926
109380
109935
867724
115420
57127
414773
671104
1009095
175384
811164
113372
21852
41151
456789
41746
538130
3179
27 round of counting
7619
8144
6796
3123
7961
13583383
61219143
137645064
44615737
171180256
41913276
83999095
176796421
126534220
805049
84130
42975509
30017772
21194032
15364501
1422418
5772449
22139898
32607288
1921365
3135721
2561321
61811724
29405690
7404778
53603356
10409945
27983799
34628464
40746311
7229156
8405253
64951312
7941348
3483183
37270978
49799992
106959211
19390062
106511986
8837907
1920593
3442927
57208163
2977075
58039802
690941
28 round of counting
8
8
8
0
10
17523
515631
9808531
18475
23773547
18511
358595
24263631
15023739
321
484
695663
538978
1079385
275766
6595
96537
265292
224899
16062
22716
26912
1538933
1267760
82249
897398
161646
66308
612829
1551763
170753
94568
1518095
190470
67181
426332
1016462
8636348
2580954
15678084
102091
218695
399607
8832338
94380
6124299
9752
29 round of counting
4702
5282
4167
1777
5730
34606390
246608231
430217406
63604916
473309014
65896530
256015273
480825902
440874583
451819
71058
172574995
113724362
74435286
56052483
2016110
17980393
82836052
126735270
3241129
7943769
6291633
246794254
107229808
22927605
215028613
34051424
100980174
132953882
154370987
22281777
27424621
266032111
24745914
9815205
147630889
199158481
397302361
55937426
342925763
27755818
3565964
8826115
176020225
7108089
201717552
483997
30 round of counting
0
0
0
0
0
0
0
0
0
0
0
0
0
0
0
0
0
0
0
0
0
0
0
0
0
0
0
0
0
0
0
0
0
0
0
0
0
0
0
0
0
0
0
0
0
0
0
0
0
0
0
0
31 round of counting
0
0
0
0
0
0
0
0
0
0
0
0
0
0
0
0
0
0
0
0
0
0
0
0
0
0
0
0
0
0
0
0
0
0
0
0
0
0
0
0
0
0
0
0
0
0
0
0
0
0
0
0
32 round of counting
0
0
0
0
0
0
0
0
0
0
0
0
0
0
0
0
0
0
0
0
0
0
0
0
0
0
0
0
0
0
0
0
0
0
0
0
0
0
0
0
0
0
0
0
0
0
0
0
0
0
0
0
33 round of counting
0
0
0
0
0
0
0
0
0
0
0
0
0
0
0
0
0
0
0
0
0
0
0
0
0
0
0
0
0
0
0
0
0
0
0
0
0
0
0
0
0
0
0
0
0
0
0
0
0
0
0
0
34 round of counting
0
0
0
0
0
0
0
0
0
0
0
0
0
0
0
0
0
0
0
0
0
0
0
0
0
0
0
0
0
0
0
0
0
0
0
0
0
0
0
0
0
0
0
0
0
0
0
0
0
0
0
0
35 round of counting
0
0
0
0
0
0
0
0
0
0
0
0
0
0
0
0
0
0
0
0
0
0
0
0
0
0
0
0
0
0
0
0
0
0
0
0
0
0
0
0
0
0
0
0
0
0
0
0
0
0
0
0
36 round of counting
0
0
0
0
0
0
0
0
0
0
0
0
0
0
0
0
0
0
0
0
0
0
0
0
0
0
0
0
0
0
0
0
0
0
0
0
0
0
0
0
0
0
0
0
0
0
0
0
0
0
0
0
