0 round of counting
38739
18478
3785
5706
466550
3310912
3369752
2096700
4408478
234869
282126
230050
232683
3999174
2881404
5626649
5886761
280936
1268865
2189487
104266
265168
1269223
874317
4088241
42857
1504085
2970144
108277
546655
87187
3607258
514116
658354
222133
306019
4364509
8219113
59844
554578
1 round of counting
25618
18960
8522
10321
307260
2132220
2153695
1407511
2941762
432605
228169
205088
208300
2576272
2089698
4070609
4317689
207000
790212
2220872
102650
273226
1043307
672266
2860489
37061
943028
1891379
83798
360599
62304
2913884
448097
432404
141477
198854
2861516
5841821
45632
340194
2 round of counting
586
487
348
380
613
1848
1507
1464
1577
639
640
698
596
1361
1977
1509
1828
760
959
1221
566
681
834
841
1408
511
931
1382
657
719
655
1947
830
1270
1132
938
4446
4473
447
1037
3 round of counting
596
495
339
371
753
3319
4020
1373
1442
582
634
597
638
1994
2028
1958
2141
568
1055
1194
507
710
1216
784
1806
473
959
1563
660
825
601
1402
914
817
667
622
2006
5476
489
901
4 round of counting
0
2
0
3
0
0
0
0
0
0
0
0
0
1
0
0
0
0
0
0
0
0
0
0
0
0
0
0
0
0
0
0
0
0
0
0
0
0
0
0
5 round of counting
789
647
517
526
859
4126
3969
2219
1697
977
901
871
811
3419
2319
4787
4038
1449
1346
2062
775
952
1263
1147
4513
720
1267
1935
972
1176
792
3270
1497
1543
841
833
2175
10087
814
1446
6 round of counting
9763
6548
2312
3051
153273
1070924
1087143
694228
1413902
80940
94073
78085
78569
1320431
939607
1817646
1911488
95508
405496
699678
35616
90269
406096
286414
1333631
15943
483752
962441
40710
186797
31575
1176333
169007
219361
73556
99905
1438110
2790059
21943
185732
7 round of counting
1
2
0
0
0
0
0
0
0
0
0
0
0
0
0
0
0
0
0
0
0
0
0
0
0
0
0
0
0
0
0
0
0
0
0
0
0
0
0
0
8 round of counting
196
175
165
165
210
1352
1489
631
502
278
219
218
246
991
1191
3283
2311
291
353
1589
222
656
253
389
3171
264
346
803
330
346
240
560
290
465
245
222
760
2293
312
390
9 round of counting
189
176
153
154
218
1573
1528
666
472
341
232
214
211
1472
2669
1145
1141
337
317
1596
236
232
261
574
2050
260
296
576
358
380
212
688
344
361
246
219
1489
2845
292
237
10 round of counting
0
0
0
0
0
0
0
0
0
0
0
0
0
0
0
0
0
0
0
0
0
0
0
0
0
0
0
0
0
0
0
0
0
0
0
0
0
0
0
0
11 round of counting
11635
8059
3726
4531
149153
987301
999696
642919
1441762
79618
95748
78578
79424
1306847
963104
1925836
1998848
98195
412587
703426
35958
93521
404643
291570
1420951
15790
497574
1014666
41943
191184
30519
1240085
173471
222036
73324
101572
1536758
3093884
20579
169382
12 round of counting
11426
7984
3664
4551
148939
983375
993365
641440
1438342
79337
95886
78634
80072
1301825
953231
1929123
1985209
97869
410713
700927
35862
93426
403924
289968
1414562
15873
496125
1007813
40522
187743
30022
1228755
172203
219010
71925
99956
1538778
3117768
20407
168784
13 round of counting
511
399
341
367
486
441
546
488
469
413
397
411
378
524
432
532
499
399
405
459
412
399
389
443
487
377
398
414
408
397
368
415
424
399
379
383
463
650
408
412
14 round of counting
21355
14001
5524
7194
330046
2306775
2338902
1484130
3129347
174065
208864
172010
172611
2908602
2088905
4142760
4298339
214767
895718
1536671
77609
202573
887497
635268
3030441
33464
1081801
2183991
89728
418807
67108
2673949
376067
484514
160525
220747
3309038
6593904
46022
390457
15 round of counting
21885
14720
5814
7496
329953
2300738
2338393
1494351
3121917
174357
207838
172575
175715
2902391
2091955
4133363
4317202
214614
898719
1537805
78019
203984
888351
637092
3030843
34212
1076846
2183763
90562
420441
68054
2669349
376626
485574
160313
221838
3312759
6531718
44821
390442
16 round of counting
728
631
508
528
584
1590
2085
950
831
737
634
637
581
2178
4516
1127
2579
1167
758
711
595
613
694
770
3263
612
767
826
726
716
709
865
652
793
592
670
1079
5657
639
711
17 round of counting
10381
6534
1828
2714
180347
1314604
1336270
849289
1685342
94769
112561
93686
94866
1606510
1134713
2201680
2315267
116604
487801
834621
42039
110389
483768
345476
1613970
17987
582233
1171244
48477
230094
36784
1432030
204496
262667
87813
119983
1779102
3435305
25882
221506
18 round of counting
10454
6773
1924
2828
180345
1318476
1337860
851549
1699183
94863
112941
94270
95576
1609178
1134782
2203906
2317385
117218
487867
835506
42236
110793
483269
345945
1615461
18219
582289
1171547
48770
230386
36988
1431629
204297
262876
88025
120290
1782545
3459339
26064
221465
19 round of counting
179
170
149
153
203
1183
1294
509
1486
259
208
209
193
1375
841
1471
2743
233
349
270
208
210
270
362
1690
218
344
385
331
303
222
972
245
252
214
218
667
2369
245
229
20 round of counting
0
1
0
0
0
0
0
0
0
0
0
0
0
0
0
0
0
0
0
0
0
0
0
0
0
0
0
0
0
0
0
0
0
0
0
0
0
0
0
0
21 round of counting
0
0
0
0
0
0
0
0
0
0
0
0
0
0
0
0
0
0
0
0
0
0
0
0
0
0
0
0
0
0
0
0
0
0
0
0
0
0
0
0
22 round of counting
0
0
0
0
0
0
0
0
0
0
0
0
0
0
0
0
0
0
0
0
0
0
0
0
0
0
0
0
0
0
0
0
0
0
0
0
0
0
0
0
23 round of counting
7155
6489
4887
5063
15845
57597
60923
47886
120862
12288
13553
12423
12472
113035
91704
194278
192223
14919
39095
61212
8474
15746
35707
31151
146962
6527
49109
103951
10398
24715
7328
124612
20102
25157
10731
13774
165620
401083
6398
17025
24 round of counting
0
0
0
0
0
1
1
1
1
0
0
0
0
1
1
2
1
0
1
0
0
1
0
0
1
0
1
1
0
0
0
1
0
0
1
0
1
2
0
0
25 round of counting
3200
1953
536
797
67004
450427
456914
289068
628051
32745
39600
31878
32225
552020
403710
790911
822467
38522
180394
312019
14509
36423
181092
121995
573269
5858
212887
415705
13924
74056
11911
503733
71607
91334
30993
42923
600915
1098611
7506
78270
26 round of counting
173
121
58
66
1471
8227
8204
6558
16544
1009
1215
1007
1046
15831
12673
27670
27499
1408
4749
8088
416
1368
4359
3655
20105
167
5952
13979
661
2791
367
17400
2227
2831
801
1188
23437
59710
202
1469
27 round of counting
5646
3483
920
1365
119432
825883
842051
524671
1136943
60124
72270
58537
59198
1015711
739184
1446622
1505604
71276
327113
565327
26721
67032
328308
223829
1050794
10954
388203
764110
27248
138706
21963
924329
132258
169514
57387
79154
1108596
2026537
14430
140062
28 round of counting
0
2
0
0
2
1146
794
214
2
3
3
3
3
558
4
4
4
22
2
2
2
22
2
3
82
3
3
3
14
31
0
4
3
3
2
2
161
1398
0
0
29 round of counting
3107
2009
498
755
49338
394526
390013
272210
455757
27783
32691
27964
27985
472840
310559
593564
618907
34703
124685
212728
12300
36491
130868
99896
435925
6243
179703
313838
14843
66553
11442
411685
64835
72361
27301
37303
479330
931456
8593
66635
30 round of counting
0
0
0
0
0
0
0
0
0
0
0
0
0
0
0
0
0
0
0
0
0
0
0
0
0
0
0
0
0
0
0
0
0
0
0
0
0
0
0
0
31 round of counting
0
0
0
0
0
0
0
0
0
0
0
0
0
0
0
0
0
0
0
0
0
0
0
0
0
0
0
0
0
0
0
0
0
0
0
0
0
0
0
0
32 round of counting
0
0
0
0
0
0
0
0
0
0
0
0
0
0
0
0
0
0
0
0
0
0
0
0
0
0
0
0
0
0
0
0
0
0
0
0
0
0
0
0
33 round of counting
0
0
0
0
0
0
0
0
0
0
0
0
0
0
0
0
0
0
0
0
0
0
0
0
0
0
0
0
0
0
0
0
0
0
0
0
0
0
0
0
34 round of counting
0
0
0
0
0
0
0
0
0
0
0
0
0
0
0
0
0
0
0
0
0
0
0
0
0
0
0
0
0
0
0
0
0
0
0
0
0
0
0
0
35 round of counting
0
0
0
0
0
0
0
0
0
0
0
0
0
0
0
0
0
0
0
0
0
0
0
0
0
0
0
0
0
0
0
0
0
0
0
0
0
0
0
0
36 round of counting
0
0
0
0
0
0
0
0
0
0
0
0
0
0
0
0
0
0
0
0
0
0
0
0
0
0
0
0
0
0
0
0
0
0
0
0
0
0
0
0
