0 round of counting
9700599
8472351
9669402
16223247
12638953
30188908
90734378
220727224
508027679
1010397925
13171209
30404029
92736300
223240530
513135453
1016310936
10148508
10616794
9764761
10092519
9731123
10156095
12807958
14187242
15419295
17000127
12018806
12632042
11687533
12402388
14042009
8376568
8406066
27647589
18148617
13903024
14512899
1 round of counting
6689599
5682667
6787398
10982545
8944645
21663990
64384012
156793982
346511194
689865936
9342025
21599278
65799372
159032968
352077431
706001689
6768978
6989006
6651686
6732841
6739792
6956834
9109855
9964015
10995872
11914094
8379377
8544957
8228682
8578130
9416835
5470084
5399086
19291437
12903247
9819710
10524881
2 round of counting
9855
18658
23821
30778
13268
39273
40175
36018
55053
96710
13116
27496
16076
26908
43829
185350
10118
11922
10629
9663
11159
9151
15054
13812
18549
17106
10692
19066
14143
8323
17743
18958
14778
19317
18213
18496
14995
3 round of counting
8507
16137
17629
20377
11452
17794
46403
20478
23462
44355
9772
24376
22115
27687
32402
33389
12713
11435
14259
17190
14487
12623
17285
15965
15348
23222
20989
18972
16269
10993
29144
18064
13248
17351
16057
14520
11602
4 round of counting
1
2
1
0
0
0
0
0
1
4
0
0
0
0
20
1
1
0
0
1
0
0
0
1
0
0
0
0
0
0
0
0
0
0
0
0
0
5 round of counting
9178
14787
20948
20140
10413
17531
36164
210185
1631045
4104798
16054
18843
47173
243500
1713636
4339871
16631
16916
18320
19583
17093
13418
14462
13817
19242
27975
19139
15654
11392
9614
22641
15864
9131
64454
45937
39653
39536
6 round of counting
3393929
2982834
3468994
5576469
4371136
10532083
31422799
76803060
171018060
346690235
4476272
10468733
31920696
78040870
179633682
349986367
3563117
3709073
3432393
3529671
3397677
3507942
4409139
4904157
5337131
5872154
4286837
4516714
4042637
4316753
4894146
3048202
3024029
9670498
6420692
4841070
5302886
7 round of counting
757
122
4
5
0
2
18
13
46
40
8
1
4
1
9
9
2
1
0
0
0
0
0
0
0
0
0
0
0
1
0
0
0
0
1
2
0
8 round of counting
1057
426
1742
1137
662
1083
5404
193219
1610428
4079456
1616
1071
26738
221396
1680160
4307661
1647
1720
679
1615
730
1299
735
591
828
677
760
599
733
649
780
660
493
49157
28617
19015
29809
9 round of counting
847
425
1647
508
660
1183
4888
193912
1618243
4079161
1599
1116
30059
223138
1681490
4307222
1611
1897
740
1447
697
1284
692
592
822
622
746
539
719
713
752
653
485
50145
28579
19280
29841
10 round of counting
1
0
0
0
0
0
0
0
0
0
0
0
0
0
0
3
0
0
0
0
0
0
0
0
0
0
0
0
0
0
0
0
0
0
0
1
0
11 round of counting
3657891
3078823
3721416
6093287
5137357
12204487
35384650
85410623
184138003
367224289
5405378
12159374
37066943
87635198
190916559
375471192
3778820
3814114
3618191
3641867
3711643
3806380
5101919
5483841
6157922
6511091
4607590
4669208
4541651
4658659
5077133
2829203
2844993
10027924
6999740
4879416
5703898
12 round of counting
3651497
3069711
3677754
6051451
5114154
12166402
35206149
85276053
185922480
368546623
5379226
12215892
37097137
87763153
190408920
372101031
3750483
3777133
3571808
3599484
3682262
3802962
5104541
5489002
6142214
6519790
4588064
4683753
4516023
4647672
5060476
2841306
2849902
10068198
6995656
4856742
5713481
13 round of counting
10455
8975
9820
9746
9757
10133
10658
11184
16028
21062
9349
9955
11280
11794
16652
19580
10023
10215
11244
9522
10250
9290
9648
9725
9063
9571
9838
9551
9811
9090
9151
10018
9799
10353
9020
8727
7938
14 round of counting
7817640
6682774
7904999
12847458
10599186
25170809
73661841
177931070
384638443
751266858
10989343
24613027
74697099
176516902
393716718
764896105
8058950
8262061
7729336
7868948
7887047
8063794
10580092
11426557
12721322
13627097
9742551
10008916
9557824
9847964
10951415
6360837
6378960
21673988
14641456
10624520
11991693
15 round of counting
7842993
6701791
7886345
12905158
10554232
25269732
73617833
178029712
387611588
774107276
11213419
25214319
76701961
182125450
404761236
785473939
8088192
8275612
7741252
7874352
7831215
8046802
10532990
11427677
12692744
13631227
9754009
9994531
9548895
9921210
11004967
6365363
6403027
21675767
14680473
10590423
12024670
16 round of counting
10837
10595
11461
11933
11469
11380
14445
198270
1080834
2452311
11563
10891
37369
226457
1152067
2778494
10650
11422
10414
11229
10605
10688
10562
10288
10351
10925
11806
11249
10676
9381
11603
10798
9694
48518
30687
29025
30333
17 round of counting
4151243
3641764
4171567
6831207
5451386
12949761
38296199
93045864
203899266
403373629
5740973
13010413
39541072
94073131
213765916
408395161
4323847
4505278
4143387
4238884
4083137
4241291
5441832
5927044
6582039
7114956
5132575
5323034
5005580
5227062
5896763
3523913
3565557
11606915
7687191
5699763
6313751
18 round of counting
4148668
3616745
4155471
6853599
5456964
12997710
38255069
93076120
204294055
407400040
5750716
13002356
39536299
94357631
215151211
411168478
4353251
4488261
4124362
4238282
4108395
4246856
5458183
5950516
6609140
7152871
5141173
5324478
4991069
5233021
5882462
3520860
3543235
11666156
7684720
5724604
6323235
19 round of counting
744
401
860
432
12082
964
4100
193271
1047742
2514567
764
3074
30836
211560
1106412
2806572
735
1724
588
1486
588
1225
635
675
749
595
715
516
725
633
699
618
411
37453
21575
11734
20372
20 round of counting
3
0
0
0
0
0
0
1
0
0
0
0
0
0
0
0
1
0
0
0
0
0
0
0
0
0
0
0
0
0
0
0
0
0
0
0
0
21 round of counting
0
0
0
0
0
0
0
0
1
0
0
0
0
0
19
0
0
0
0
0
0
0
0
0
0
0
0
0
0
0
31
75
24
69
74
36
2
22 round of counting
1
2
0
0
0
0
0
0
0
1
0
0
0
0
253
0
1
0
0
0
1
0
0
0
0
0
0
0
0
1
0
0
0
0
0
0
0
23 round of counting
335736
242249
331513
404680
367535
798496
1966400
4862990
10666615
21531580
348361
772529
2272644
5154534
11829333
23557472
289972
265311
276832
279241
305626
291874
364669
348206
446514
408985
346235
346255
364069
331936
357945
231793
211622
845496
533335
394438
569085
24 round of counting
3
3
3
4
3
9
27
65
143
289
3
9
28
67
147
294
3
3
3
3
3
3
4
4
5
5
3
3
4
3
4
2
2
9
5
4
4
25 round of counting
1604964
1396994
1605347
2713964
2359671
5354460
15667024
37835891
78880599
156591560
2459637
5400037
16057391
38347916
78418546
157882056
1722506
1752328
1638458
1671952
1654334
1706813
2238189
2408335
2695803
2870815
2048313
2103054
2005988
2080398
2325379
1358528
1367546
4257149
3180254
2236436
2546844
26 round of counting
35297
22514
32611
44525
36953
101277
254049
651505
1341650
2657195
42279
97708
317697
699073
1515256
2657896
28157
25452
25960
24078
24975
25717
41164
39057
51553
46466
36377
32711
36281
32973
34188
18346
16663
94877
59121
40839
62057
27 round of counting
2435848
2128399
2439191
4141187
3396421
7932800
23589653
57225409
123316339
245057639
3538552
7992172
24094830
57845516
124391701
246456510
2595136
2672112
2483831
2550484
2509189
2604604
3350628
3669725
4022053
4370524
3083286
3204605
3018749
3171028
3550023
2079619
2087409
6682736
4714422
3376696
3729801
28 round of counting
10879
9676
10879
17452
8751
26143
87015
217455
434855
869655
8751
26143
87015
217455
434855
869655
10535
12324
10535
11460
9671
10596
11399
14052
13991
17508
12263
14052
11399
13188
16007
10247
10314
24727
18693
13553
15751
29 round of counting
715741
580416
640513
1145811
598676
1971595
6938916
17652614
42288007
90049190
607238
1708933
5816333
16870319
38735721
86370946
800765
810121
706152
835328
739871
796581
831441
1040952
983028
1236043
938219
881738
833600
940058
1186674
798321
672735
2321817
1425902
1554926
1094703
30 round of counting
0
0
0
0
0
0
0
0
0
0
0
0
0
0
0
0
0
0
0
0
0
0
0
0
0
0
0
0
0
0
0
0
0
0
0
0
0
31 round of counting
0
0
0
0
0
0
0
0
0
0
0
0
0
0
0
0
0
0
0
0
0
0
0
0
0
0
0
0
0
0
0
0
0
0
0
0
0
32 round of counting
0
0
0
0
0
0
0
0
0
0
0
0
0
0
0
0
0
0
0
0
0
0
0
0
0
0
0
0
0
0
0
0
0
0
0
0
0
33 round of counting
0
0
0
0
0
0
0
0
0
0
0
0
0
0
0
0
0
0
0
0
0
0
0
0
0
0
0
0
0
0
0
0
0
0
0
0
0
34 round of counting
0
0
0
0
0
0
0
0
0
0
0
0
0
0
0
0
0
0
0
0
0
0
0
0
0
0
0
0
0
0
0
0
0
0
0
0
0
35 round of counting
0
0
0
0
0
0
0
0
0
0
0
0
0
0
0
0
0
0
0
0
0
0
0
0
0
0
0
0
0
0
0
0
0
0
0
0
0
36 round of counting
0
0
0
0
0
0
0
0
0
0
0
0
0
0
0
0
0
0
0
0
0
0
0
0
0
0
0
0
0
0
0
0
0
0
0
0
0
