0 round of counting
63377
352186
29505
2819459
27689
28033
29472
29422
81824
28364
455863
28251
759965
32248
29568
29568
29518
29218
3995742
3987963
3964975
3452314
3504429
29542
3553414
29125
3688492
29225
619178
4019747
29442
645508
3828751
919235
944113
27060
27473
27473
716485
741410
759191
895008
915974
941263
543206
992314
775460
1046347
1173768
29192
29301
29418
29168
29251
29301
29451
29301
29351
29118
29101
1 round of counting
42570
300516
35628
2411787
31366
31734
34578
33955
83011
34162
424519
33261
662279
36891
34026
33555
33945
32985
3472183
3459377
3431550
2967681
3000950
33299
3062354
33608
3216963
34567
572476
3438636
33667
588119
3297623
823549
876948
30382
29677
29556
681485
694540
696723
834835
847028
847163
501193
923142
705934
957086
1077806
34517
34103
33039
34149
32871
33772
33074
33282
32892
33215
34037
2 round of counting
658
640
434
2773
419
393
391
393
447
398
690
383
1024
499
406
391
377
381
3595
3608
3395
3031
2961
421
3149
415
2832
428
868
2365
412
850
2588
934
1128
396
388
378
888
842
907
1086
1151
1109
929
1078
1010
990
1386
399
376
381
370
395
406
379
367
376
375
382
3 round of counting
654
656
422
1753
461
394
429
430
457
389
713
406
843
473
403
390
379
387
2589
3101
3783
2765
1931
432
2816
418
2680
413
787
2527
405
842
2073
941
1105
408
398
375
777
901
950
980
1113
992
876
1063
862
954
1194
390
387
384
384
387
381
388
379
379
389
394
4 round of counting
3
0
0
0
0
0
0
0
0
1
0
0
0
1
0
0
0
1
0
0
0
0
0
0
0
0
0
0
0
0
0
0
0
0
0
0
0
0
0
0
0
0
0
0
0
0
0
0
0
0
0
0
0
0
0
0
0
0
0
0
5 round of counting
894
1039
666
3120
654
629
605
619
691
608
998
624
1525
760
617
614
607
597
3132
3470
3674
3464
3476
652
3286
635
2867
627
1257
3907
637
1226
4303
1562
1237
578
596
606
1083
1024
1126
1213
2009
2392
1259
1387
1230
1193
1443
580
573
572
571
563
555
576
563
585
569
563
6 round of counting
9777
102592
10517
810331
9410
9006
10753
10516
26920
10330
145081
9803
230401
10071
10372
10315
10392
10265
1158464
1156397
1145037
987919
1001442
10235
1022201
10351
1082988
10600
197040
1152180
10424
202961
1103836
286369
303782
9142
9086
9226
234554
240784
240458
288364
293315
292504
172374
319989
241794
331760
373521
10337
10460
10326
10561
10182
10486
10353
10450
10371
10245
10574
7 round of counting
0
1
0
0
0
0
0
0
0
0
0
0
0
0
0
0
0
0
0
0
0
1
0
0
0
0
0
0
0
0
0
0
0
0
0
0
0
0
0
0
0
0
0
0
0
0
0
0
0
0
1
0
0
0
0
0
0
0
0
0
8 round of counting
224
217
205
745
195
216
208
196
215
192
287
202
459
229
200
196
198
196
784
742
780
736
764
198
718
191
686
195
426
1070
188
350
1014
438
391
215
212
202
256
298
366
314
424
384
358
449
359
371
465
206
202
201
192
201
196
199
197
192
193
194
9 round of counting
235
290
200
668
200
212
197
199
213
200
223
203
455
230
194
191
190
195
813
821
772
685
811
205
739
203
733
198
357
1049
197
351
918
453
347
213
208
206
292
308
332
325
389
456
368
388
428
365
428
203
202
194
203
200
197
195
199
203
199
191
10 round of counting
0
0
0
0
0
0
0
0
0
0
0
0
0
0
0
0
0
0
0
0
0
0
0
0
0
0
0
0
0
0
0
0
0
0
0
0
0
0
0
0
0
0
0
0
0
0
0
0
0
0
0
0
0
0
0
0
0
0
0
0
11 round of counting
11238
74824
10437
601535
9352
8990
10625
10403
23593
10190
109838
9619
168369
10350
10260
9935
10078
10024
867466
864892
855609
738548
745424
10158
761442
10395
806139
10633
148637
853180
10471
152108
822628
210437
226613
8857
8712
8696
178133
179966
178014
216252
215995
216216
130497
237872
182559
246432
277789
10357
10209
9994
10123
9923
10265
10026
10283
10011
9966
10308
12 round of counting
11107
74949
10701
601266
9184
8927
10543
10344
23632
10237
108255
9865
168433
10583
10624
10038
10108
10017
866289
865060
854569
738651
746373
10138
760746
10144
805257
11176
148521
851049
10442
152907
820147
209775
226348
8911
8630
8619
177178
180590
177518
215361
215547
214687
129895
237352
181916
245444
275426
10224
10193
9912
10144
9863
10175
10010
10074
10033
9885
10569
13 round of counting
593
508
412
671
453
429
406
419
436
402
495
443
473
471
434
405
400
422
627
575
596
592
582
427
546
425
605
433
461
576
423
489
553
530
488
417
399
411
500
483
449
576
484
509
488
509
510
489
482
448
403
404
399
402
403
398
402
392
411
399
14 round of counting
18927
174500
19801
1397158
17429
16689
20034
19715
49626
19451
248947
18426
391619
18809
19500
19208
19452
19118
1998250
1995233
1975879
1700082
1719383
19175
1754894
19244
1859560
20003
340014
1971338
19850
348936
1895751
487172
521262
16916
16608
16441
405666
412072
411287
496982
499047
500468
297500
548919
418676
568087
639376
19491
19577
18906
19414
18954
19376
19128
19464
19045
19498
19623
15 round of counting
19901
173971
20001
1399854
17778
17124
20639
20336
51124
24393
254045
18851
395598
19737
19792
19765
20921
20156
1998841
1999540
1976524
1702667
1721078
19590
1756253
19651
1860980
20529
341347
1973658
20190
350608
1896131
487528
522807
17004
17030
17084
406520
413649
411949
497544
499397
500869
298579
549170
418628
569591
639299
19881
19928
19477
19863
19339
19785
19383
19644
20019
19876
20022
16 round of counting
874
808
617
1485
665
625
630
622
763
627
728
617
953
684
632
587
617
592
1455
1471
1457
1374
1427
636
1311
628
1299
667
972
1478
640
803
1607
952
954
631
600
606
736
749
859
768
845
849
817
972
829
905
985
607
583
600
586
603
609
602
596
605
600
612
17 round of counting
8467
98850
9588
795890
8370
7984
9861
9670
26356
9402
140402
8876
223068
8834
9465
9405
9594
9334
1131797
1131115
1120139
962717
973446
9287
994214
9385
1053672
9756
191968
1119924
9535
197483
1073612
276771
294652
8128
8230
8142
228250
232290
233032
281058
283167
285001
167653
310636
236984
322505
362537
9519
9613
9326
9577
9356
9585
9419
9450
9408
9462
9647
18 round of counting
8666
98842
9770
797467
8508
8182
10138
10031
26716
9683
140814
9145
224021
9208
9668
9629
9839
9622
1132686
1131232
1121121
963948
975363
9516
994840
9581
1054476
9896
192141
1120968
9759
197701
1073816
277535
294971
8258
8377
8340
228593
232913
233322
281541
283425
285184
168079
310833
237285
322886
362998
9763
9766
9529
9798
9526
9872
9681
9721
9640
9650
9918
19 round of counting
218
270
196
676
192
208
198
199
254
196
226
195
462
226
196
203
194
195
788
864
777
790
817
198
741
193
733
198
375
1202
188
356
929
454
367
211
203
211
253
310
365
303
292
418
364
398
387
411
485
190
194
192
194
201
194
193
195
191
195
194
20 round of counting
0
0
0
0
0
0
0
0
0
0
0
0
0
0
0
0
0
0
0
0
0
0
0
0
0
0
0
0
0
0
0
0
0
0
0
0
0
0
0
0
0
0
0
0
0
0
0
0
0
0
0
0
0
0
0
0
0
0
0
0
21 round of counting
0
0
0
0
0
0
0
0
0
0
0
0
0
0
0
0
0
0
0
0
0
0
0
0
0
0
0
0
0
0
0
0
0
0
0
0
0
0
0
0
0
0
0
0
0
0
0
0
0
0
0
0
0
0
0
0
0
0
0
0
22 round of counting
0
0
0
0
0
0
0
0
0
0
0
0
0
0
0
0
0
0
0
0
0
0
0
0
0
0
0
0
0
0
0
0
0
0
0
0
0
0
0
0
0
0
0
0
0
0
0
0
0
0
0
0
0
0
0
0
0
0
0
0
23 round of counting
8867
15600
7068
56885
7175
6127
7118
7042
8468
7072
20511
7249
24525
7099
6968
6792
6843
6505
81269
73067
83456
62623
69218
6815
63055
6827
75580
6653
25408
86315
6890
24138
70571
32451
36044
6208
6540
6255
33851
29404
24274
40010
31301
34226
22418
33382
31678
36316
36726
6770
6996
6686
6393
6621
6718
6708
6783
6550
6524
6543
24 round of counting
0
0
0
1
0
0
0
0
0
0
0
0
0
0
0
0
0
0
1
2
1
1
2
0
1
0
1
0
1
1
0
0
2
0
1
0
0
0
0
0
0
0
1
0
0
1
0
0
1
0
0
0
0
0
0
0
0
0
0
0
25 round of counting
1610
18103
1938
145497
1652
1466
1936
1926
4940
1741
24022
1729
39824
1668
1960
1960
1950
1890
208714
207347
206512
178682
181802
1952
183905
1871
192934
1890
33802
210876
1932
35337
198048
49175
50681
1620
1643
1643
38717
39943
39796
48150
48525
49974
29700
52592
42687
55871
62595
1881
1908
1930
1880
1898
1908
1938
1908
1918
1870
1868
26 round of counting
147
239
107
2479
84
81
113
102
201
110
730
90
743
96
100
83
101
97
3670
3601
3378
2814
2748
105
2928
104
3559
112
1033
3023
99
927
3114
1157
1522
76
65
60
1355
1234
1111
1465
1359
1168
828
1653
1069
1528
1767
112
100
82
94
84
93
84
88
83
86
98
27 round of counting
2461
27391
2992
234104
2545
2570
2988
2976
7448
2733
36488
2710
61400
3053
3009
3009
2997
2925
338572
336994
335343
292908
297402
2999
301698
2900
311657
2924
51953
340739
2975
54171
322695
75263
77466
2459
2492
2492
58839
60792
61151
73460
74472
76672
45890
80758
65054
85607
96023
2914
2946
2973
2913
2934
2946
2982
2946
2958
2901
2898
28 round of counting
12856
179880
12856
1429126
12856
13538
12856
12856
38552
12856
231292
12856
385464
14080
12856
12856
12856
12856
2020457
2019591
2007609
1750519
1776225
12856
1799588
12856
1864196
12856
308025
2031651
12856
320980
1943376
462599
474601
12642
12856
12856
359628
372486
384916
449741
462492
474922
269588
500959
385347
526889
591286
12856
12856
12856
12856
12856
12856
12856
12856
12856
12856
12856
29 round of counting
10688
138041
11936
1207402
10693
12260
12232
12149
35318
11489
200430
10691
318925
13818
11604
11451
11736
11617
1734234
1741514
1710098
1497409
1501330
11229
1541725
11620
1606406
12216
269281
1703074
11568
279098
1656590
390713
413390
10156
10314
10245
314654
328249
338854
388911
406079
401172
235305
445318
331525
454965
520602
11991
11870
11558
11909
11385
11974
11681
11625
11603
11698
12256
30 round of counting
3840
53760
3840
417104
3840
3832
3840
3840
11520
3840
69120
3840
115136
3864
3840
3840
3840
3840
584552
584296
580712
503912
511592
3840
518896
3840
541208
3840
92000
588240
3840
95872
561544
138208
141792
3776
3840
3840
107456
111296
115008
134368
138176
141888
80512
149664
115104
157408
176640
3840
3840
3840
3840
3840
3840
3840
3840
3840
3840
3840
31 round of counting
3122
43708
3122
349900
3122
3350
3122
3122
9366
3122
56196
3122
93608
3510
3122
3122
3122
3122
496188
495980
493066
430626
436870
3122
442440
3122
457264
3122
74798
498818
3122
77946
477482
112366
115280
3070
3122
3122
87364
90486
93504
109244
112340
115358
65458
121680
93582
127976
143612
3122
3122
3122
3122
3122
3122
3122
3122
3122
3122
3122
32 round of counting
0
0
0
0
0
0
0
0
0
0
0
0
0
0
0
0
0
0
0
0
0
0
0
0
0
0
0
0
0
0
0
0
0
0
0
0
0
0
0
0
0
0
0
0
0
0
0
0
0
0
0
0
0
0
0
0
0
0
0
0
33 round of counting
0
0
0
0
0
0
0
0
0
0
0
0
0
0
0
0
0
0
0
0
0
0
0
0
0
0
0
0
0
0
0
0
0
0
0
0
0
0
0
0
0
0
0
0
0
0
0
0
0
0
0
0
0
0
0
0
0
0
0
0
34 round of counting
6962
97468
6962
767004
6962
7182
6962
6962
20886
6962
125316
6962
208744
7374
6962
6962
6962
6962
1080740
1080276
1073778
934538
948462
6962
961336
6962
998472
6962
166798
1087058
6962
173818
1039026
250574
257072
6846
6962
6962
194820
201782
208512
243612
250516
257246
145970
271344
208686
285384
320252
6962
6962
6962
6962
6962
6962
6962
6962
6962
6962
6962
35 round of counting
120
1680
120
12954
120
118
120
120
360
120
2160
120
3598
118
120
120
120
120
18111
18103
17991
15591
15831
120
16062
120
16784
120
2875
18229
120
2996
17392
4319
4431
118
120
120
3358
3478
3594
4199
4318
4434
2516
4677
3597
4919
5520
120
120
120
120
120
120
120
120
120
120
120
36 round of counting
6842
95788
6842
754050
6842
7064
6842
6842
20526
6842
123156
6842
205146
7256
6842
6842
6842
6842
1062629
1062173
1055787
918947
932631
6842
945274
6842
981688
6842
163923
1068829
6842
170822
1021634
246255
252641
6728
6842
6842
191462
198304
204918
239413
246198
252812
143454
266667
205089
280465
314732
6842
6842
6842
6842
6842
6842
6842
6842
6842
6842
6842
