0 round of counting
86794
45305
1464914
1452670
2904661
2431826
1354398
1260292
897629
2002258
13101486
34406872
6555546
16010
94019
21083
43752
55575
1501659
26952
31785
34647
34534
65892
47830
199939
498151
457095
423859
569765
1460503
1664378
273292
770737
2186930
647919
842903
583204
1865660
44423
31063
35642
23530
5478501
153960512
147215226
1450951
65530
721447611
1 round of counting
56307
43727
1233516
1104161
1978256
1641577
1145984
981500
663437
1699931
9328899
25743014
3685393
18500
63968
18984
34570
42444
753097
25750
27683
32558
30266
50992
44726
151793
425504
376616
269521
347274
1120634
1318082
219623
662358
1759526
502364
719818
450315
1635079
35789
29792
32055
25716
4247270
118226688
77856202
1211062
45754
543578995
2 round of counting
829
787
2298
1911
2643
2395
2371
2152
1749
2432
2736
3184
959
512
425
462
480
483
494
562
555
627
535
697
781
1318
1467
1395
1284
1456
2073
2173
1139
1455
2400
1398
1585
1424
2197
778
670
681
753
2351
4575
4604
2471
629
23277
3 round of counting
815
772
2352
2022
2521
2398
2474
2289
1675
2187
2789
2850
1001
521
439
483
460
496
485
615
555
546
528
706
751
1292
1570
1591
1353
1339
2173
2456
1156
1688
2518
1648
1739
1730
2349
738
670
656
750
2399
4687
6863
2551
629
33360
4 round of counting
3
1
0
0
1
0
0
0
0
0
0
1
0
0
0
0
1
0
0
0
0
0
0
0
0
0
0
0
0
0
0
0
1
0
0
1
0
0
0
0
0
0
0
323
480
4
10
7
1
5 round of counting
1073
1030
3551
2828
3724
3753
4012
3695
2524
3727
4784
4771
1466
695
640
614
617
663
686
808
774
764
746
964
1099
1983
2055
2037
1915
1947
3328
3357
1638
2147
3753
2179
2376
2085
3503
1051
875
919
1098
7354
75843
281803
4580
890
520428
6 round of counting
25540
17204
497208
492983
980652
812241
462176
432186
312808
666213
3701366
11177482
2076720
6993
34577
8116
16541
20333
474020
11013
12391
13483
13652
23538
19097
70009
154702
141193
134580
170861
506056
582744
97847
261657
719889
223741
285173
200482
638495
17542
13404
14812
11088
1498402
37346855
39524751
375434
22734
219808945
7 round of counting
2
3
4
9
4
4
0
0
0
0
10
2
0
0
0
0
0
0
0
0
0
0
0
0
0
0
0
0
0
0
0
0
0
0
0
0
0
0
0
0
0
405
492
113
45
14
20
4
283
8 round of counting
295
293
1124
968
1406
1315
1365
1227
881
1213
1559
2259
507
191
192
183
177
181
6803
235
222
217
215
273
310
620
627
615
613
590
2855
1179
521
726
1250
682
990
703
1173
325
257
270
320
4821
25512
164612
2063
277
460320
9 round of counting
283
303
1147
934
1401
1780
1376
1499
821
1165
1540
2801
501
207
182
181
301
182
199
218
209
205
209
284
340
1138
641
924
608
605
2876
1270
535
678
3463
753
787
716
1189
322
263
272
323
3969
64168
388270
1871
254
417991
10 round of counting
2
0
4
3
0
1
0
0
0
0
0
1
0
0
0
0
0
0
0
0
0
0
0
0
0
1
0
1
0
0
0
0
0
0
0
0
0
0
0
0
0
0
34
142
9
0
0
1
3
11 round of counting
28852
21093
697624
613580
1134822
929905
652224
551120
364347
988147
5525510
15186795
1957748
9178
29460
9615
16443
20321
411586
13027
13591
14590
14908
25943
22071
75430
239716
211371
140200
186884
628157
737381
115305
376057
1007788
269072
411175
246481
961460
19167
15989
17887
14747
2394211
69491911
45093002
711084
23277
341177971
12 round of counting
28708
21370
698667
621076
1132103
930167
654136
550662
364207
987746
5521705
15232511
1955894
9125
28598
9401
16147
20009
400086
13108
13633
14670
14890
26215
22193
77828
240248
212394
141250
189206
627332
733881
110875
376091
1003391
267168
408336
244045
946804
17793
14840
16797
13374
2381220
68800773
42354725
712082
23728
324049691
13 round of counting
753
670
1897
1598
1987
1933
1866
1770
1412
1758
1914
2057
763
460
400
392
397
416
455
526
488
459
468
608
650
1094
1159
1121
1129
1113
1666
1725
935
1163
1936
1177
1228
1181
1824
625
555
552
646
1927
2723
2546
1955
536
5854
14 round of counting
60587
40756
1336405
1244773
2478126
2011703
1252225
1119847
778404
1827272
10320739
29668229
4543877
15958
72278
18036
35762
43664
973519
25122
27611
30429
30522
53384
43081
165474
434589
388420
301994
400187
1286139
1493809
233287
704741
1942727
555985
774421
500598
1766981
38201
30534
33540
25867
4266424
116663353
94563328
1175446
50551
600307829
15 round of counting
58825
41046
1341271
1251847
2488310
2015743
1252535
1121484
781515
1828594
10307437
29666352
4545825
16783
72585
18781
36459
44566
988910
25304
28025
30568
30747
54237
43636
166634
436848
390735
306483
404475
1288487
1495463
233997
707453
1954968
556800
775740
501381
1770859
39109
31150
34103
26630
4274193
116669798
97307356
1179496
50749
599460583
16 round of counting
1068
951
2897
2423
3219
3189
3188
2891
2227
3441
3594
3921
1285
662
570
597
577
602
4296
749
694
702
667
850
948
1803
1760
1733
1722
1647
4585
2866
1528
1750
5153
1800
1932
1773
2957
967
827
815
975
5972
30895
228721
3299
795
529657
17 round of counting
30005
19574
636474
630255
1353277
1083898
598559
569503
410419
840602
4782519
14446294
2582211
7279
42880
8787
19553
24148
577436
12289
14367
16955
16368
28715
21360
86612
195739
177821
165136
215758
659875
759142
120550
330229
934143
287319
363263
253677
815415
19438
15029
16253
11645
1873811
47130839
52152401
468420
27144
259812582
18 round of counting
30154
19847
637190
630906
1355254
1095069
602972
571272
414980
843044
4785057
14437314
2587513
7430
43214
8989
19702
24413
577392
12533
14456
15803
15846
28322
21610
87669
195370
177963
165433
215581
660826
758326
120702
330809
935384
288087
363980
254073
816645
19558
15234
16563
11764
1880620
47180489
52386641
466696
27295
258735307
19 round of counting
269
274
1057
898
1248
1215
1319
1105
878
1146
1701
1939
459
173
164
160
166
183
182
210
199
199
194
279
314
594
579
610
598
577
2531
1163
491
648
1196
1499
693
679
1119
325
251
259
314
3443
43984
379787
1039
243
330868
20 round of counting
1
0
0
0
0
0
0
0
0
0
0
0
1
0
0
0
0
0
0
0
0
0
0
0
0
0
0
0
0
0
0
0
0
0
0
0
0
0
0
0
0
0
0
0
14
2
0
0
1
21 round of counting
5
0
0
4
7
2
6
0
4
3
4
4
2
1
0
0
0
0
0
0
0
0
0
0
0
0
0
0
0
0
3
3
4
1
1
4
0
2
0
2
0
2
0
0
3
5
2
3
274
22 round of counting
13
8
0
0
6
3
4
4
0
4
5
7
1
2
0
4
0
0
0
0
0
0
0
0
0
3
0
0
0
0
0
0
3
3
0
3
0
1
0
2
0
0
0
4
3
79
41
4
1
23 round of counting
11827
11900
103666
83086
149517
114909
100068
86987
54617
126335
403956
1811374
92514
6874
6222
5919
6888
7278
12013
7889
6893
7229
7020
10484
11390
23851
41702
35697
25077
26076
86667
102305
24656
57761
122716
41643
63851
38586
121682
10632
9865
10274
11708
219688
4869920
2062526
71521
8385
22082691
24 round of counting
0
0
1
1
1
0
0
0
0
1
4
11
2
0
0
0
0
0
1
0
0
0
0
0
0
0
0
0
0
0
1
1
0
1
1
0
0
0
0
0
0
0
0
2
49
33
0
0
234
25 round of counting
8878
5331
203927
185349
324995
282898
198564
167756
117534
302108
2094753
4237707
874833
2207
12478
3037
5960
7649
211483
3590
4225
4553
4495
9058
6455
25583
88153
79744
62730
72172
192252
217522
38308
119927
325284
85950
131168
79775
280283
6003
4031
4592
3135
1142499
33760349
18340537
315948
8758
104644763
26 round of counting
449
408
15598
11431
19594
12536
14445
10706
6364
21583
90489
319667
14673
152
151
98
159
185
205
184
149
172
180
308
325
1118
4395
3494
1207
1423
11566
14456
2004
8193
19194
4922
9092
4554
22220
247
284
288
288
29457
789089
336085
10302
231
5487536
27 round of counting
16868
9965
375592
372360
680456
598931
346556
315121
220822
531679
3453063
8876765
1663007
3964
22583
5308
10813
13820
385825
6608
7816
8528
8473
16293
11706
48094
131874
120440
106318
142450
366557
419372
67977
201568
567862
162914
219508
146415
490571
11044
7524
8658
5671
1480378
43278180
34444557
408475
16122
202824691
28 round of counting
9
13
10339
1835
29281
18305
9847
3501
1723
3747
155865
300029
13
0
0
0
4
6
6
0
0
0
0
13
13
13
19
19
19
19
4045
4433
19
19
13531
17
23
19
10351
13
9
9
9
12043
420043
1212043
3211
0
1226323
29 round of counting
5016
5045
89533
86346
184559
115498
88872
81287
62486
101953
437415
1025100
327967
1709
14681
1611
5277
6253
86090
3178
3715
3819
3821
5606
4593
18381
22921
20700
18592
24102
88594
94681
26686
46901
98933
44813
47120
44865
91695
4273
3715
3823
3031
308729
2759361
8062498
40517
6083
9750160
30 round of counting
0
0
0
0
0
0
0
0
0
0
0
0
0
0
0
0
0
0
0
0
0
0
0
0
0
0
0
0
0
0
0
0
0
0
0
0
0
0
0
0
0
0
0
0
0
0
0
0
0
31 round of counting
0
0
0
0
0
0
0
0
0
0
0
0
0
0
0
0
0
0
0
0
0
0
0
0
0
0
0
0
0
0
0
0
0
0
0
0
0
0
0
0
0
0
0
0
0
0
0
0
0
32 round of counting
0
0
0
0
0
0
0
0
0
0
0
0
0
0
0
0
0
0
0
0
0
0
0
0
0
0
0
0
0
0
0
0
0
0
0
0
0
0
0
0
0
0
0
0
0
0
0
0
0
33 round of counting
0
0
0
0
0
0
0
0
0
0
0
0
0
0
0
0
0
0
0
0
0
0
0
0
0
0
0
0
0
0
0
0
0
0
0
0
0
0
0
0
0
0
0
0
0
0
0
0
0
34 round of counting
0
0
0
0
0
0
0
0
0
0
0
0
0
0
0
0
0
0
0
0
0
0
0
0
0
0
0
0
0
0
0
0
0
0
0
0
0
0
0
0
0
0
0
0
0
0
0
0
0
35 round of counting
0
0
0
0
0
0
0
0
0
0
0
0
0
0
0
0
0
0
0
0
0
0
0
0
0
0
0
0
0
0
0
0
0
0
0
0
0
0
0
0
0
0
0
0
0
0
0
0
0
36 round of counting
0
0
0
0
0
0
0
0
0
0
0
0
0
0
0
0
0
0
0
0
0
0
0
0
0
0
0
0
0
0
0
0
0
0
0
0
0
0
0
0
0
0
0
0
0
0
0
0
0
