0 round of counting
34551
16099
4326
4762
5086
4987
4861
5894
680233496
684488514
680935381
11597
10705
518359294
518333157
162902248
160602437
161335467
159985661
19079088
19022873
913475
683428259
680918019
681093671
687075047
682397072
686293633
684784789
682453561
683418834
677961200
2913673111
2921035602
2915843996
2925893384
628588376
696882302
1 round of counting
24993
14530
8597
8248
8243
8202
8022
9366
725465540
728408518
726597487
15965
13259
439902762
448242193
167311006
155691322
156052106
155605271
15583418
15552442
740698
728049082
727115402
726245689
696498846
695219519
697432667
684258669
683825604
687900608
685427890
2955017057
2979835301
2967987406
2966856560
568875653
738147448
2 round of counting
616
473
354
307
352
336
316
340
23624
22949
29921
577
359
18301
22541
10534
10626
10396
9495
3415
4297
1002
27307
29038
25933
25101
17808
22859
21090
25538
23197
28206
66083
72088
76793
68679
21654
25849
3 round of counting
593
479
340
297
335
326
322
351
27894
27887
26225
495
358
18248
19846
7426
8221
8704
9014
1251
4369
1154
24490
26048
26504
25870
23458
25567
27896
24974
23459
27560
68344
70612
83589
60529
19308
24016
4 round of counting
10
2
1
1
0
3
1
1
2
8
4
0
0
1
19
22
0
0
0
0
0
1
1
7
0
3
2
0
0
3
4
7
5
19
6
14
4
2
5 round of counting
753
639
480
447
461
464
458
604
2533501
2562580
2528061
701
524
959797
957258
359068
359707
360931
358014
7906
6527
1335
2563132
2557663
2544471
2551750
2522014
2578479
2555194
2517866
2518340
2594393
12832501
12992146
12932940
13125245
2525824
2607280
6 round of counting
9660
5022
2535
2654
2669
2628
2529
3192
381014016
382549396
383231211
5307
4706
209126029
209764744
87546081
83434237
83786046
83701408
7384389
7346784
413032
381291849
380558807
379838060
371089656
369170101
369828658
365181276
364583281
365804370
363312726
1565365879
1576572955
1571245456
1576559882
322353301
388847682
7 round of counting
15
6
0
2
0
1
0
4
9
3
3
1
0
0
16
18
0
1
0
3
0
0
0
1
0
2
6
3
0
9
17
16
32
13
12
20
5
2
8 round of counting
170
157
144
144
147
143
153
141
2503171
2533432
2509987
166
150
938463
945404
352556
351883
353550
351749
2634
2919
306
2533964
2525754
2516084
2531084
2494959
2548969
2526105
2501904
2497217
2570840
12758200
12922296
12859095
13053404
2507699
2577730
9 round of counting
167
146
138
136
138
133
132
136
2507527
2534488
2511988
158
141
944500
943117
352535
352728
353503
352799
2306
2247
339
2534373
2525194
2518775
2531161
2498799
2546226
2526590
2503597
2500032
2570043
12760907
12921047
12859764
13048694
2504410
2579443
10 round of counting
6
1
0
0
0
0
0
0
128
80
167
5
0
21
2
0
0
2
0
0
0
0
5
7
5
5
0
1
9
15
18
9
90
38
46
9
0
0
11 round of counting
13866
7414
3941
3846
3746
3729
3681
4296
378341095
378226402
380785883
7756
5923
140525810
140509170
88937593
81392490
79698746
80807115
9068066
9053084
356774
383477275
382464754
374215654
355614360
355445504
355653197
356630673
356064384
357996132
357767855
1524908020
1538792769
1552958045
1522376584
282312383
382310458
12 round of counting
12002
7209
4246
4091
3816
3851
3783
4130
384193801
391384496
385553253
7665
6124
139253432
141179350
87988404
81015745
80886992
79317595
9070757
9057051
358024
388392288
383389362
377656310
365748483
365611963
364968646
355583980
362983849
360055359
357619644
1531046715
1523689154
1514566237
1545181399
290271124
388241360
13 round of counting
522
448
327
314
312
315
315
341
12889
12976
13416
585
353
13443
12137
5770
3999
3904
3963
443
455
587
12738
12839
12750
12494
12419
11913
12230
13788
12671
15899
41957
43075
42735
42493
12053
15717
14 round of counting
22996
11904
5988
6018
5946
6250
5963
7279
905703032
909714415
908491764
12591
10863
373768048
372680638
212131054
196925323
196746289
196647029
20112585
20071105
917694
902119698
902758719
906270089
867890467
866288950
867155400
845257218
850930612
852287434
843779593
3637642587
3666447530
3656953449
3665435960
733532981
924459827
15 round of counting
23357
12073
6165
6442
6229
6394
6151
7425
912253619
909209771
909013156
12963
11294
372872613
376193694
212277797
199777750
196808190
196999355
20114827
20074266
922401
911439996
910667089
911098164
864622697
868227991
870082515
857253968
848569415
850290700
846459261
3645056105
3669945728
3688497799
3684784098
738986921
930605255
16 round of counting
680
585
461
471
445
448
450
461
1004451
1028036
1010948
789
502
404272
390930
148123
148714
150192
148887
1756
1896
766
1048092
1016276
1006560
1044060
969854
997249
970286
992898
971371
1051513
4605600
4728765
4617727
4639486
984266
1025903
17 round of counting
10784
5040
2042
2239
2280
2288
2234
2879
526538391
525230464
526143515
5661
5083
234421845
234406395
124424184
116607907
116866343
116915242
11041978
11007711
560094
524727217
524856322
526145416
507348233
506259043
506776970
499810665
499714320
501023111
495740449
2140225943
2150546191
2148969581
2141467868
445268098
537806273
18 round of counting
11304
5143
2145
2338
2456
2464
2352
3001
526309754
528178832
528077053
5701
5109
234795874
234837239
125358391
117030549
117230596
116955281
11045205
11016438
561280
527568735
527043730
527327976
509018368
507831720
507841270
499778539
500731888
502203960
496598946
2142528389
2149552476
2151932562
2149517527
447438205
540551670
19 round of counting
172
145
135
135
137
133
135
129
984344
1004579
996260
157
135
393880
388910
142985
143883
147622
144708
2967
3130
397
1033843
998616
992077
1025929
957808
972598
962655
974855
959438
1036059
4569829
4677323
4569841
4621450
972265
1003195
20 round of counting
3
0
0
0
0
0
0
0
1
0
0
0
0
0
0
0
0
0
32
10
1
0
82
7
1
6
14
4
7
3
0
1
29
19
5
22
4
0
21 round of counting
3
0
0
0
0
0
0
0
0
0
0
0
0
0
0
0
0
3
8
0
0
0
0
3
2
0
0
0
0
0
0
5
3
1
2
2
0
0
22 round of counting
1
1
0
0
0
0
0
0
0
21
20
4
0
1
0
0
0
0
0
0
0
0
0
0
1
0
0
1
38
21
6
1
16
22
20
17
7
11
23 round of counting
8645
6137
4200
4016
4133
4224
4151
4438
69220521
68893996
68619008
6361
4586
7227822
7231430
16644280
14057417
13795491
13841614
1817951
1821692
58223
69422418
68880264
69618482
61346713
62309245
61425171
58953091
59052867
60207159
59997709
256128400
258435574
258682138
257406328
45170131
71539755
24 round of counting
0
0
0
0
0
0
0
0
306
306
306
0
0
197
191
70
66
66
65
7
7
0
305
303
304
291
290
292
287
287
288
287
1241
1249
1244
1246
238
308
25 round of counting
2420
1280
604
652
688
682
661
813
83181449
84107505
83292303
1442
1363
64397041
64391104
20666393
19740256
19871659
19611519
2259405
2253066
102784
83862877
83350193
83345211
85550817
84626365
85330959
85246713
84861406
85019881
85685517
366696122
367806788
366742977
368645434
81478857
90034812
26 round of counting
285
128
68
54
51
47
44
68
10029316
9968379
10011284
138
86
953591
952469
2394001
1989959
1980880
1999108
293180
289665
7628
9972228
9999706
9998151
8940026
8968724
8916833
8596099
8666791
8697874
8799106
37338901
37736824
37746323
37358429
6524151
10586168
27 round of counting
4397
2308
1052
1169
1259
1244
1208
1440
126167285
127223592
126324572
2614
2468
91649882
91642945
29503230
29613089
29776333
29453868
4026266
4010665
169225
126937895
126348134
126388984
127813145
126713160
127670554
127297021
126738570
126998753
125929706
545897160
547719942
546350159
548873736
111896553
127205392
28 round of counting
6
0
0
0
0
0
0
0
776
776
776
0
0
776
776
396
396
396
396
776
776
52
776
776
776
776
776
776
776
776
776
776
1524
1524
1524
1524
776
776
29 round of counting
3004
1343
549
702
742
577
565
751
168074652
168052105
164797640
1542
1838
240079815
251368392
38485238
36953694
36555627
36393102
1803642
1782449
177981
172584219
169775731
165530083
173379049
169884168
167319196
165840787
163145052
162103505
166370780
714457478
739907485
730264920
735946394
141546849
160088326
30 round of counting
0
0
0
0
0
0
0
0
0
0
0
0
0
0
0
0
0
0
0
0
0
0
0
0
0
0
0
0
0
0
0
0
0
0
0
0
0
0
31 round of counting
0
0
0
0
0
0
0
0
0
0
0
0
0
0
0
0
0
0
0
0
0
0
0
0
0
0
0
0
0
0
0
0
0
0
0
0
0
0
32 round of counting
0
0
0
0
0
0
0
0
0
0
0
0
0
0
0
0
0
0
0
0
0
0
0
0
0
0
0
0
0
0
0
0
0
0
0
0
0
0
33 round of counting
0
0
0
0
0
0
0
0
0
0
0
0
0
0
0
0
0
0
0
0
0
0
0
0
0
0
0
0
0
0
0
0
0
0
0
0
0
0
34 round of counting
0
0
0
0
0
0
0
0
0
0
0
0
0
0
0
0
0
0
0
0
0
0
0
0
0
0
0
0
0
0
0
0
0
0
0
0
0
0
35 round of counting
0
0
0
0
0
0
0
0
0
0
0
0
0
0
0
0
0
0
0
0
0
0
0
0
0
0
0
0
0
0
0
0
0
0
0
0
0
0
36 round of counting
0
0
0
0
0
0
0
0
0
0
0
0
0
0
0
0
0
0
0
0
0
0
0
0
0
0
0
0
0
0
0
0
0
0
0
0
0
0
