0 round of counting
2269272
147662
148438
148070
18715831
24264891
2633643
99624690
38806451
18892176
5145322
9786073
898664
12900517
2179877241
289590
1632235
4694412
4595387
265819
561708
1767338
1687690
28916139
2081938708
15136438
1949254
2685081
21318030
17392257
20711977
17266346
145819
1862694
1894965
3052288
3069721
7675052
100030185
11331596
8684819
10554162
7169659
1847137
1294461517
1689751
3686852
5249000
5161185
2249746018
2356065702
7145961353
2002218919
1949130722
12822076366
24246628680
17226002994
1461628550
1670745539
5118408001
1146077450
1 round of counting
2841848
185247
183993
177447
21064808
27711775
3140031
100127089
46149466
21615017
6240090
11661550
1075377
16211705
2166888620
359545
1986462
5868397
5672921
318986
707016
2246806
2119405
32399709
2125127964
14243923
2253367
3102718
24144335
19176571
23452544
18976968
182122
2163069
2181153
3588189
3556105
9004481
100948373
13627210
10340556
12525208
8468781
2272899
1406032018
2089136
4409108
6311379
6198183
2099867947
2068769158
5393688397
2090759922
1993460925
11468255914
23920745084
15773780819
1550656065
1812967160
3592921806
1182791684
2 round of counting
5063
1478
1346
1239
15443
20748
6639
58763
29318
18390
7972
13500
2988
18517
287841
1887
3675
9006
7994
1591
2232
4680
4913
24081
312948
19484
4737
6231
20708
20626
21407
18746
1347
4974
5276
5193
5254
11996
44051
13147
13013
17139
12101
4153
225425
4866
7251
9951
9811
257799
310356
460718
348299
332941
550678
930137
642240
301147
294462
417586
286887
3 round of counting
5638
1450
1340
1340
15387
22482
6285
55326
27027
17961
8439
13884
2892
18442
278649
1735
4028
8598
7895
1568
2261
4798
4713
22669
316293
20884
4591
6163
21304
20632
21014
19875
1329
5124
5402
5253
5097
12055
48835
12994
13912
17226
12131
4088
226357
5195
7705
9372
9477
266004
306032
466072
335946
337283
564213
938267
647675
302692
291085
434709
273002
4 round of counting
13
2
0
1
0
0
0
1
0
1
0
0
0
0
10
7
0
0
0
0
0
0
0
0
4
7
0
0
0
0
0
0
0
1
0
0
0
1
1
0
0
0
0
0
3
5
0
0
0
7
45
28
13
11
36
65
57
14
11
14
11
5 round of counting
5138
1626
1638
1669
22968
25979
7511
66403
34864
19919
10327
14731
3542
22667
478874
2097
4639
10087
9516
1798
2703
5480
6449
31280
1347100
23748
5180
7044
26007
26840
29739
24759
1607
6285
6199
7088
6772
15000
64536
17338
18879
19807
15028
4777
553427
5917
8647
12819
11372
453862
665731
2317098
940533
959674
2315851
2690042
2442873
716125
643322
2626850
668458
6 round of counting
707505
50416
51652
51002
5109202
6638756
787782
23601693
11201430
5068910
1555708
2883944
274113
4225815
469807504
90955
507653
1474372
1440274
87836
182408
558213
533705
8076029
493274190
3946260
585125
808677
6434907
5413776
6294176
5380553
49525
584928
583276
846282
839456
2273138
23592057
3204501
2632333
3418571
2248261
550328
323683492
560270
1068866
1583082
1565724
486585524
526288697
1743485670
612174497
607554545
2700373594
4864086186
3540572737
453508514
487975497
1435163428
372838186
7 round of counting
25
2
1
0
7
15
6
17
28
15
6
6
4
11
60
22
0
2
1
1
0
3
2
0
38
9
0
2
1
0
0
2
0
1
0
0
0
0
0
0
1
2
0
0
11
8
0
0
0
8
29
44
51
20
38
285
68
46
14
25
11
8 round of counting
751
306
448
402
3571
4481
1046
11102
6497
3700
1802
4113
434
2626
186038
456
1136
899
1354
324
978
997
1414
6582
1040532
3174
890
1696
5685
5577
4723
5258
290
995
1900
1215
995
1661
11157
2823
4204
3016
1699
710
333913
913
1601
3303
1571
190745
368005
1852607
598937
629130
1722423
1735877
1760007
416662
344967
2208629
393102
9 round of counting
687
322
373
378
4111
4576
863
11832
6494
3765
1218
2441
798
4111
187709
423
816
1962
1192
435
425
818
1597
5125
1042078
2686
924
879
11328
4360
4122
6436
300
1258
1193
1149
658
1727
10119
4265
2105
3447
3390
581
334759
956
1341
1662
1387
187355
365756
1849481
602780
626320
1723784
1729608
1766982
419957
347090
2208628
397385
10 round of counting
0
0
1
0
0
0
0
0
0
0
0
0
0
0
0
0
0
0
0
0
0
0
0
0
4
0
0
1
2
0
0
0
0
0
0
0
0
0
0
0
0
0
0
1
1
2
0
0
0
0
0
0
4
6
5
6
14
4
1
16
0
11 round of counting
1056991
73450
74265
69132
7150869
9412163
1139139
30472235
15781034
7257575
2258931
4126239
400137
5963591
590682053
134481
736118
2169218
2096545
125425
269020
834769
786378
10625646
654612814
4308314
838582
1131083
8332763
6787598
8088027
6692643
70436
798702
788164
1246056
1223435
3103875
30514773
4795833
3738576
4640452
3131227
805480
435090302
787157
1535751
2248187
2212851
558045370
597817299
1883443822
721971700
702106497
3344888256
6760129006
4472296877
521470487
584490430
1511469199
416798869
12 round of counting
1041570
72283
72767
67958
7166083
9398897
1141089
30539247
15801727
7294309
2262214
4135605
405758
5965338
590963910
135980
738902
2171098
2103101
124950
266056
834129
782839
10639171
654845551
4323366
838425
1137504
8324812
6805003
8086948
6727817
70992
797476
788259
1243623
1220996
3099071
30489203
4770554
3742942
4651258
3135617
809850
435856250
789252
1539878
2260915
2222199
558044248
598314541
1890840396
720929691
700891154
3350754325
6761704476
4466445866
521511565
584841992
1507228148
416396467
13 round of counting
4172
1099
907
947
12284
15545
3940
40020
22118
12929
5796
9151
1900
13232
240007
1251
2797
5638
5492
1041
1477
2992
3316
16771
253488
13320
3134
3971
15192
15026
15381
14855
1001
3397
3380
3498
3507
8176
36835
8300
9184
11495
9152
2794
191967
3449
4890
6382
6245
218376
249640
383851
286739
277419
444201
609552
501921
259353
253732
348771
236493
14 round of counting
1958582
132429
137123
130724
13860381
18134137
2159842
61713869
30580890
14007093
4284618
7910524
755504
11429904
1237335662
247877
1389408
4089610
3982069
234824
504939
1554028
1469657
21321578
1315544005
9508460
1588987
2175705
16741637
13833884
16313956
13710643
130820
1552927
1529220
2342435
2318222
6073574
61834760
9052232
7155402
9054918
6042478
1525144
869645782
1502035
2942054
4328071
4253466
1223639013
1306616077
4163174200
1521988401
1495197232
6980071317
13474241132
9247034793
1116761155
1232702570
3337221599
903584783
15 round of counting
1957362
134022
135222
128953
13877710
18144559
2165534
61810684
30642641
14038258
4293327
7958698
757207
11432421
1237425613
249782
1394709
4103846
3995846
235332
500384
1557193
1471493
21356775
1316196092
9550659
1589346
2164828
16758561
13868047
16355509
13732876
131662
1548611
1533314
2348371
2318952
6091545
61948462
9084381
7159763
9064415
6053784
1534475
870154958
1514464
2945143
4329486
4260489
1223900870
1306420877
4168647986
1523858038
1496097064
6982654533
13483067986
9249069396
1117627168
1234018708
3343241229
904584219
16 round of counting
4897
1404
1227
1318
15769
19630
4696
49825
28981
16759
8024
11813
2549
17145
419982
1596
3790
6937
6585
1382
1978
3812
4421
21468
831201
17028
3766
4674
21229
19173
19311
18292
1331
4278
5628
4782
4557
10292
49443
11711
12510
14935
11261
3785
428316
4392
6553
8481
8051
401654
516727
1439814
733575
728730
1435945
1719328
1574931
587010
542456
1520383
555765
17 round of counting
925213
60583
63821
61242
6732003
8762863
1025891
31405677
14803375
6727963
2021501
3767729
354772
5493186
646763050
115176
653263
1917045
1876146
110557
233371
724611
693777
10678727
660649429
5205032
754960
1039197
8399314
7011028
8208762
6954510
60106
751107
744181
1112011
1105387
2993707
31393430
4263611
3408807
4415273
2912600
722247
433996539
719837
1400171
2065359
2032662
666129797
708363786
2279704526
804373003
796435575
3628253384
6712690801
4781286433
596736252
648872761
1831711067
487236951
18 round of counting
922181
61589
63597
62213
6740958
8772132
1024071
31336569
14806976
6734746
2020199
3776466
352588
5498736
646836384
115241
657295
1919438
1869093
110923
233420
727457
693494
10673610
660560234
5235536
753934
1038892
8400157
7015430
8213827
6963270
60925
754246
745850
1113493
1105550
2992289
31388431
4259158
3414203
4419678
2908314
723431
434151232
719331
1399066
2063420
2034160
665913634
708637822
2285087889
804262093
797052034
3631692790
6714623237
4783203866
597309274
649326797
1834731118
487313648
19 round of counting
1045
310
343
347
2716
5140
712
10967
5703
3283
1530
2753
398
4418
173500
281
626
906
1003
308
538
597
552
6052
573685
2614
905
996
3824
3777
3677
4418
316
1305
917
757
1013
1997
11690
2563
2417
2276
2158
1151
238250
836
1282
1707
2278
179004
266560
1054335
445978
452046
984075
1123330
1076066
333713
288043
1172066
312103
20 round of counting
2
0
0
0
0
0
0
3
0
0
0
0
0
0
1
1
0
0
0
0
0
0
0
0
0
0
0
0
0
0
0
0
0
0
0
0
0
0
0
0
0
0
0
0
0
0
0
0
0
0
0
0
1
0
0
1
3
0
0
1
0
21 round of counting
1
0
0
0
0
0
0
0
2
0
0
0
0
0
2
0
0
0
0
0
0
0
0
0
1
4
0
0
0
0
0
0
0
0
0
0
0
0
0
0
0
0
0
0
24
0
0
0
0
1
0
40
1
1
25
9200
220
24
1
152
0
22 round of counting
12
1
0
0
0
3
0
0
0
0
0
0
0
0
15
0
0
1
0
0
0
0
0
0
7
0
0
0
0
0
0
0
0
0
0
0
0
0
0
0
0
0
0
0
0
0
0
0
0
0
1
2
1
0
4
2
3
1
1
1
0
23 round of counting
213439
24841
22119
20025
1072529
1419233
221797
3415027
2454167
1154304
422169
719378
83042
1088510
41474004
36345
151534
424039
400726
32000
60768
170522
161431
1526362
66602894
531790
166321
209524
1303364
1108029
1261653
1095433
21820
151334
147158
223812
214427
521757
3365718
815513
664984
826387
565868
163381
48009486
164012
278560
409902
401796
29554612
39571125
168436853
97208300
94421001
210623654
511853508
246539688
67976997
71938206
180115658
57579251
24 round of counting
1
0
0
0
9
12
1
42
20
9
3
5
0
7
908
1
0
2
2
1
0
1
1
13
890
6
1
1
10
8
10
8
0
1
1
2
1
4
43
5
5
5
4
1
590
1
2
3
3
878
867
2255
875
835
4803
10007
6602
651
760
1506
495
25 round of counting
145445
10543
11132
11144
1183091
1500709
175211
5957364
2360871
1141155
338701
623112
62777
857127
114543087
20546
109924
314245
308503
20333
38885
114725
109977
1717942
131878402
852472
131855
182205
1356923
1209377
1325906
1201010
10626
127332
126646
186093
187136
483345
5908640
691179
577088
720503
497473
113770
77103722
113704
227995
334690
329645
127197656
139254454
496081324
127163517
126629512
760159844
1383127386
985226715
89640899
97322269
401891260
73418718
26 round of counting
23585
1670
1580
1408
126747
168338
23929
406583
302870
136843
47962
83475
8631
131679
5481166
2994
16356
48455
46161
2716
6090
18949
17458
186869
8425910
53269
17732
23683
157334
134858
152540
132117
1619
16166
15666
25311
24200
62280
410588
97457
77990
99373
66546
17639
6447326
17641
31473
47293
46358
3756356
5152174
23176509
13320895
13259232
28673068
66602258
34147626
9588995
10010603
26032560
8091219
27 round of counting
275309
20043
20950
21079
2134723
2736550
327711
10645898
4282466
2109925
619572
1141348
117910
1568931
211513585
39213
206508
578278
567233
37601
73162
216536
207708
3166851
218509147
1611891
248032
341592
2559028
2218183
2507805
2201969
20253
243702
243306
351183
352628
911347
10605120
1300708
1049594
1324491
903795
220261
131987588
220930
435369
628494
619293
218094015
254072149
959383018
231348741
232379198
1426679712
2560406133
1844676076
160586473
174874391
780225101
133327121
28 round of counting
953060
54289
55689
54952
8674952
11272956
1087367
48753292
18375607
8659736
2244013
4401057
354033
5854397
1089672886
113039
671760
2014815
1967174
99962
227085
761017
727519
13770408
1042570888
7808991
799587
1103852
9423225
7642404
9136605
7586667
55713
735156
760804
1338980
1347370
3401489
49259129
5075450
3836199
4703084
3081806
776323
629876672
686260
1604042
2284088
2247010
1140403636
1134488916
2887224758
1006573026
973414596
5706637919
10782989236
7797260512
792103611
892143547
1944409108
627269036
29 round of counting
925023
54699
53042
53055
7205011
9540243
1023276
38972551
15914479
7649211
2023356
3889416
332752
5261852
906558830
117281
626218
1859030
1804030
94247
219211
733602
685732
11959840
775311547
5888241
693097
1018055
8614095
6771572
8349917
6707289
58195
705448
728040
1238559
1236425
3174419
39891012
4560680
3323386
4023158
2706032
771066
522055724
665587
1519008
2111083
2069494
902818655
828358233
1721893539
768546383
724949183
4326117669
9230935229
6095115613
608774245
719231836
897506602
452296553
30 round of counting
132976
8166
8001
7861
1196924
1561852
149313
7187197
2509101
1163759
300790
598572
48696
809209
153855662
17259
87594
271725
265255
13525
31477
107139
102728
2016407
141865288
1251945
104537
158541
1391291
1223081
1357634
1218438
8683
109750
113374
181505
182377
502791
7347218
688572
531173
675901
434251
105844
84754823
100496
232645
326820
321866
165933578
175309951
496143386
169354436
168862859
799749763
1439682211
1055102140
136411962
145697174
382609515
112972241
31 round of counting
213366
12024
11995
11827
1921702
2518643
240560
11654003
4106322
1914159
486817
973491
77166
1321072
259278823
25778
142786
443139
433353
20751
49790
170346
163089
3274891
234015020
2009455
172004
250300
2255367
1892062
2194935
1882571
12661
171896
177968
299327
300811
811682
11846600
1123473
863057
1093142
706386
172323
143272818
159446
373794
529007
521051
275840175
274762430
677416769
253274220
247335724
1279892979
2401125179
1736011142
206659792
227474635
469823835
166456668
32 round of counting
5938
481
407
397
45993
60370
5664
405670
113004
48060
11865
24620
1664
41824
8458524
999
3246
10951
10780
566
1203
4911
4668
117749
6996453
109032
3971
7033
82683
81106
82693
81439
556
4657
4712
7016
7024
27728
427483
25999
24192
38727
22284
4674
3843112
4898
10355
15263
15196
10537048
9286656
12355955
12199667
12207843
10673747
13201245
10728848
11732275
11679258
12279170
10135481
33 round of counting
5938
481
407
397
45993
60370
5664
405670
113004
48060
11865
24620
1664
41824
8458524
999
3246
10951
10780
566
1203
4911
4668
117749
6996453
109032
3971
7033
82683
81106
82693
81439
556
4657
4712
7016
7024
27728
427483
25999
24192
38727
22284
4674
3843112
4898
10355
15263
15196
10537048
9286656
12355955
12199667
12207843
10673747
13201245
10728848
11732275
11679258
12279170
10135481
34 round of counting
352280
20671
20403
20085
3164619
4140865
395537
19246870
6728427
3125978
799472
1596683
127526
2172105
421593009
44036
233626
725815
709388
34842
82470
282396
270485
5409047
382876761
3370432
280512
415874
3729341
3196249
3635262
3182448
21900
286303
296054
487848
490212
1342201
19621301
1838044
1418422
1807770
1162921
282841
231870753
264840
616794
871090
858113
452310801
459359037
1185916110
434828323
428406426
2090316489
3854008635
2801842130
354804029
384851067
864712520
289564390
35 round of counting
0
0
0
0
0
0
0
0
0
0
0
0
0
0
0
0
0
0
0
0
0
0
0
0
0
0
0
0
0
0
0
0
0
0
0
0
0
0
0
0
0
0
0
0
0
0
0
0
0
0
0
0
0
0
0
0
0
0
0
0
0
36 round of counting
352280
20671
20403
20085
3164619
4140865
395537
19246870
6728427
3125978
799472
1596683
127526
2172105
421593009
44036
233626
725815
709388
34842
82470
282396
270485
5409047
382876761
3370432
280512
415874
3729341
3196249
3635262
3182448
21900
286303
296054
487848
490212
1342201
19621301
1838044
1418422
1807770
1162921
282841
231870753
264840
616794
871090
858113
452310801
459359037
1185916110
434828323
428406426
2090316489
3854008635
2801842130
354804029
384851067
864712520
289564390
