0 round of counting
29304
27129
248893
475817
716011
277403745
279106380
277455785
298705889
280674374
9940
13257
16840
13148
475300221
664469600
331104900
344752244
909718547
268604930
255583193
260412465
257210296
268905490
259624546
682814145
634176224
649926966
879332357
915144786
572326098
633657264
798841306
725223271
1017554034
981600091
652668509
1 round of counting
33916
30002
257257
476451
707167
303101359
299955702
302984313
347334455
319434947
29466
17948
19048
16596
321342730
747115583
437683026
469010231
1284511717
268329314
245241832
254730594
268383911
261659444
254244913
758493271
643719785
683449915
1209012803
1282655370
468219046
572905844
897780686
751857045
1369117303
1343219266
602886500
2 round of counting
485
563
1113
952
1496
36933
5617
10388
45901
29267
253
435
445
444
112986
77664
36177
39315
72659
90631
25986
63223
48338
24180
56586
109693
35509
75185
73723
260525
188597
70908
70927
69833
46117
319351
226444
3 round of counting
722
605
1350
1296
1249
26037
17253
20674
30395
29963
533
473
473
443
47409
40352
72218
33560
191323
95793
30279
40864
114123
101447
71611
84910
245551
46252
71826
156212
141638
55519
38085
116141
65372
271879
254676
4 round of counting
222
33
42
15
2
1001
1245
1230
1264
1266
316
51
22
12
1180
2007
1385
1414
2685
1573
1245
1266
1216
1370
1247
1947
1601
1867
2566
2913
2006
2049
2528
2320
2601
2604
2369
5 round of counting
635
732
1545
1987
2224
942633
943402
944779
1428477
1017977
320
590
589
571
388470
2076440
1255710
1962739
6560357
974911
576907
589155
584003
922057
603409
3233692
2138090
2526418
6197393
6667078
889681
1222849
1916928
1685778
3160364
4642366
1542959
6 round of counting
7817
10174
94723
175436
263204
110621646
107699256
108145748
115431642
108747071
5203
6022
7328
5944
178818310
259120948
129839603
135923113
356982742
135649910
103532789
104571467
104544068
134767676
104306443
229133091
205148629
213375277
339860189
358575459
219622502
256268156
334154638
293087648
378436171
370132803
262939059
7 round of counting
234
15
78
17
49
22591
23764
22933
42438
43631
375
53
15
14
23706
62801
37093
36364
136706
41034
18060
23326
26968
49146
20804
40010
27862
30513
128204
125723
93380
125231
125436
100421
134564
123335
81555
8 round of counting
172
179
535
673
1159
1157273
1156628
1173769
1625999
1200779
129
158
171
151
517014
2840622
1810196
2456128
7867246
1427718
857604
850146
831951
1415364
837552
3465352
2383069
2794293
7391735
7714822
1116340
1731376
3134135
2338810
4697835
5693048
1899843
9 round of counting
168
184
576
771
1245
1179498
1182805
1199461
1667821
1240526
182
158
176
156
537329
2903554
1844364
2491791
7996453
1466214
874220
871070
855945
1461899
855978
3504939
2411019
2823094
7515906
7838548
1200173
1846292
3256277
2433264
4832954
5812295
1978862
10 round of counting
10
1
28
15
56
21483
22021
21709
41627
42539
54
7
1
0
22541
59690
35614
35622
133242
40345
16425
20813
25722
45254
19075
39280
25478
28544
126619
120481
92198
122756
126680
93738
133719
120520
78449
11 round of counting
11229
12386
91142
163290
236642
101701206
102663178
101835733
112091542
105602551
6910
7393
8614
7233
135884101
245243480
126389232
130674123
340343649
106917548
85877219
86873851
86729139
106229990
86504114
200303801
170663452
180141949
321638056
340837125
188331324
219768409
304801354
264814817
354866077
355588257
222290290
12 round of counting
11233
12577
92986
167519
240723
102462241
103150066
102061949
112335477
106010739
7058
7224
8711
7206
136817512
245530481
126780087
131161794
341085738
107467643
86402657
87399837
87280144
106777645
87062604
200956727
171149325
181092902
322408215
337494628
185883597
220458056
306349195
269575023
350566996
351291621
215897409
13 round of counting
698
481
706
477
533
4235
3483
4065
4096
3957
461
399
402
391
8400
6758
3801
4011
10315
4594
3962
3992
3918
3851
3817
9450
8466
9071
10098
11497
10050
9227
9420
10566
10190
11783
11094
14 round of counting
17981
23235
209255
384768
569162
235139395
236362022
235142180
245102317
236995272
11244
13573
16150
13179
351348205
560512467
281847551
287142353
739065266
267014115
214205777
215396023
215926427
265707023
214860110
472618186
417039457
435089607
705736717
739259615
456631153
530220724
708109024
627670063
807974907
789816740
536024392
15 round of counting
19166
24158
207301
383856
570415
236442132
238089091
236643947
254201737
240512097
11956
14035
16480
13537
362546002
563428680
284057262
290887644
747191012
267527796
213933899
215149382
215594153
265781717
214588326
474793812
418405320
436543329
711133551
749686014
455794872
531720387
713224827
632207222
812035749
797204510
546093638
16 round of counting
818
675
1260
1047
1282
469944
490386
525314
1145240
730511
654
551
560
543
235382
1633462
1202918
1865601
6356874
701553
427964
406762
394128
681328
395940
2922902
2020184
2383639
6030036
6204501
422900
753606
1496537
1010038
2859599
3989566
902779
17 round of counting
7365
11361
117044
221891
332286
133157592
134196120
132653429
138350731
133978934
4603
6271
7743
6254
226266555
317283327
156540142
157972177
400751146
157712527
126703096
126959335
127581300
157989738
126847252
270525289
245540848
254082329
383435234
402822894
273655821
315595159
406443296
362483497
454288542
436629992
322238917
18 round of counting
7524
11442
117012
221433
333999
133610666
134166402
133645308
139142440
134089983
4673
6456
7972
6398
222652714
318335836
157362163
159742948
407133065
159292907
127227192
127396633
127968767
158847094
128056265
274499532
247854071
256506966
389509512
409015429
273790882
316248292
407805110
363446189
457245572
440164969
321238217
19 round of counting
183
176
442
523
876
467013
487984
526096
1139196
728443
177
156
174
155
226794
1625346
1199913
1861984
6357694
702807
425946
405621
385779
680576
396264
2909220
2010504
2374941
6023026
6176024
409162
740179
1484996
1005144
2850269
3971318
891889
20 round of counting
1
1
2
3
6
2053
1983
1958
2092
2114
15
0
0
0
3121
6047
3178
3116
7428
2941
1741
1689
1662
2391
1677
4119
3498
3684
6005
7270
4163
4632
6360
4970
6488
5382
6328
21 round of counting
0
0
0
0
0
0
0
0
0
34
24
1
0
0
2
72
6
0
2
58
8
0
0
0
0
0
0
0
0
63
63
6
1
63
7
62
75
22 round of counting
1
0
2
4
5
2017
1943
1922
2054
2098
15
0
0
0
3121
6005
3149
3078
7426
2985
1690
1691
1672
2407
1689
4092
3462
3625
5988
7385
4196
4619
6360
5047
6466
5461
6377
23 round of counting
18469
8097
22175
26199
32556
12683265
12360991
12031378
15064489
14497320
13205
6439
6377
5456
5839047
31860674
18318578
18819937
48722409
12458588
7240078
7289504
7514835
11008599
7221483
16471460
9243516
11583940
45104980
50563014
18330026
22462467
39177406
33233691
43723578
49433952
22338296
24 round of counting
0
0
0
0
0
128
127
125
145
132
0
0
0
0
137
313
184
196
538
116
104
107
108
110
106
315
272
287
508
535
191
240
376
319
569
566
254
25 round of counting
1874
2871
29513
55533
83518
35989715
35976379
35658365
35453679
33781939
1240
1726
2227
1709
60740717
80604196
36548949
37409642
98759473
36136092
30814825
31093136
30858279
36100508
30972961
73740475
68640689
70157647
95683131
99800222
73899578
80662032
95985353
89691928
108155661
104860197
80776089
26 round of counting
236
266
1879
3008
4068
1794030
1831773
1786404
2217063
2141099
124
107
141
111
763120
4751622
2609331
2721978
7028780
1880740
1234648
1244832
1240469
1842411
1234357
2420509
1408470
1741268
6445382
6995967
2618449
3368397
5810747
4863193
6385347
6951491
3198973
27 round of counting
3401
5152
53357
99927
148965
59291049
59174112
58533902
62166214
58484713
2292
3129
4011
3098
119331985
138562341
61600357
63739821
171735512
62409808
54997226
55257656
54857025
62499434
55109332
135099627
127671837
129926822
167087366
173090623
135861436
145849917
168708065
158836077
183572865
179577677
146463680
28 round of counting
36
76
1052
2108
3420
1062140
1062140
1062140
1062140
1062140
0
36
36
36
0
2281756
1906876
1851388
3757660
2092348
1127180
1127436
1128908
2092572
1130412
648252
0
245628
3461436
3791564
402316
1700396
3900748
2500892
4687948
4388636
2000572
29 round of counting
3429
5036
80879
161875
247394
106671726
103214443
104866090
127828921
113046702
5268
2160
2987
2194
91054434
264485218
173045811
194564839
574679412
81213972
81834602
87091733
86677444
77518698
86587296
338953912
293526854
313108335
540078191
571349519
137936126
180445855
314195351
249904162
613089057
597716078
205270832
30 round of counting
0
0
0
0
0
0
0
0
0
0
0
0
0
0
0
0
0
0
0
0
0
0
0
0
0
0
0
0
0
0
0
0
0
0
0
0
0
31 round of counting
0
0
0
0
0
0
0
0
0
0
0
0
0
0
0
0
0
0
0
0
0
0
0
0
0
0
0
0
0
0
0
0
0
0
0
0
0
32 round of counting
0
0
0
0
0
0
0
0
0
0
0
0
0
0
0
0
0
0
0
0
0
0
0
0
0
0
0
0
0
0
0
0
0
0
0
0
0
33 round of counting
0
0
0
0
0
0
0
0
0
0
0
0
0
0
0
0
0
0
0
0
0
0
0
0
0
0
0
0
0
0
0
0
0
0
0
0
0
34 round of counting
0
0
0
0
0
0
0
0
0
0
0
0
0
0
0
0
0
0
0
0
0
0
0
0
0
0
0
0
0
0
0
0
0
0
0
0
0
35 round of counting
0
0
0
0
0
0
0
0
0
0
0
0
0
0
0
0
0
0
0
0
0
0
0
0
0
0
0
0
0
0
0
0
0
0
0
0
0
36 round of counting
0
0
0
0
0
0
0
0
0
0
0
0
0
0
0
0
0
0
0
0
0
0
0
0
0
0
0
0
0
0
0
0
0
0
0
0
0
