0 round of counting
50677
37426
32096
32150
33374
33361
33368
36276
34974
35569
35959
36135
38270
38203
38221
38731
39240
39943
40256
40658
40882
41984
45050
46584
46312
44767
44767
49312
48794
48093
50116
71317
75207
76005
73105
76793
78389
77259
78582
79950
79048
78437
78890
79523
77806
80517
80342
82074
81136
82070
81239
83222
83901
84970
83847
86586
84859
84589
85286
86044
87079
87828
85874
80028
79194
83313
79674
85301
86087
83441
85786
87592
87119
86685
86792
88670
90121
86975
89668
91852
93661
93840
92614
91258
92288
96114
96438
95546
35550
33658
32096
32150
33440
34057
32497
32497
34012
33199
100318
92610
74115
58360
58358
34000
35276
34859
1 round of counting
29852
27641
26928
26686
27020
26909
26360
28289
27432
27478
28217
28195
30246
29376
29646
30432
29766
30608
32093
31684
30794
32550
35007
35644
33455
32661
33497
37013
36726
34981
37186
58170
49940
49525
48838
51576
51581
51417
52230
54181
53160
53421
52782
54198
52228
53766
53222
53397
53360
52973
54644
54147
54401
54365
53421
56874
55857
55870
54779
56812
57008
57254
56130
53730
53748
56789
54690
57986
58038
59447
59920
60287
61033
58207
60128
61867
60773
59086
61130
63935
64271
63124
62335
61310
63389
64749
65000
65227
28398
25310
25528
25646
25997
26118
25662
25633
26432
28150
68826
62738
54043
45289
45369
27311
27742
26995
2 round of counting
507
443
407
456
481
387
381
496
509
561
598
474
515
387
360
394
370
420
493
637
559
406
485
443
440
560
394
379
398
390
588
775
524
605
589
467
556
517
518
638
674
498
480
448
458
510
619
610
617
624
620
552
481
391
491
421
537
562
415
598
412
756
596
408
536
429
577
497
538
535
522
511
718
663
600
560
428
671
544
529
471
489
575
441
503
492
588
501
439
467
444
353
538
357
555
406
385
358
591
512
524
425
418
403
498
443
3 round of counting
522
618
491
353
590
345
459
492
453
398
462
358
434
371
388
570
541
411
386
503
398
409
482
416
468
540
466
390
372
415
405
738
509
499
425
406
794
559
444
559
522
478
603
458
591
421
492
417
629
537
664
596
491
599
400
536
463
426
504
526
408
481
511
411
625
610
526
570
551
587
565
530
742
607
530
425
397
493
515
400
510
494
611
508
495
486
500
535
456
540
358
381
431
375
547
368
569
402
580
523
540
446
422
403
453
417
4 round of counting
1
0
0
0
0
0
0
0
0
0
0
0
0
0
0
0
0
0
0
0
0
0
1
0
0
0
0
0
0
0
0
0
0
0
0
0
0
0
0
0
0
0
0
0
0
0
0
0
0
0
0
0
0
0
0
0
0
0
0
0
0
0
0
0
0
0
0
0
0
0
0
0
0
0
3
2
0
0
1
0
0
0
0
0
1
0
0
0
0
0
0
0
0
0
0
0
0
0
0
0
0
0
0
0
0
0
5 round of counting
687
610
738
576
630
526
520
732
734
557
535
621
532
566
650
564
683
633
713
612
712
568
644
576
654
632
672
770
722
677
620
1012
723
809
628
715
728
621
688
672
682
761
716
646
788
672
852
590
731
783
701
663
609
688
670
593
775
678
690
699
850
1010
791
614
639
725
792
837
673
754
796
783
1090
894
863
871
822
832
890
603
725
715
814
675
715
762
797
719
609
510
522
565
699
508
706
566
689
488
745
776
654
624
625
544
528
518
6 round of counting
12791
11776
11493
11784
11655
11972
12144
13044
12690
12989
13184
12917
13517
13577
14111
13950
14213
14714
15434
15163
14667
15403
15384
16804
16691
15868
15901
17132
16983
17174
17205
23865
23533
24023
22980
24659
25186
24914
25040
26276
25865
25396
25540
27163
25849
26752
26821
27493
27027
27579
26982
28373
28266
29764
28071
29918
28829
28682
29131
29692
30366
30586
29764
28771
28250
29368
28243
30032
29801
28812
30016
30096
30407
31172
30197
30772
31588
29920
31325
32186
33087
32666
32504
32053
32262
34159
33991
33586
12622
11415
11861
11696
11708
11976
12147
11846
11934
11829
34930
33519
26622
21790
21483
12154
12545
12224
7 round of counting
0
0
0
0
0
0
0
0
0
0
0
0
0
0
0
0
0
0
0
0
0
0
0
0
0
0
0
0
0
0
0
0
0
0
1
0
0
0
0
0
0
0
0
0
0
0
0
0
0
0
0
1
0
0
0
0
0
0
0
0
0
0
0
0
0
0
0
1
0
0
0
0
0
0
0
0
0
0
0
0
0
0
0
0
0
0
0
0
0
0
0
0
0
0
0
0
0
0
0
0
0
0
0
0
0
0
8 round of counting
182
159
155
158
151
162
155
154
156
156
157
154
156
167
180
155
158
163
159
157
156
181
158
173
156
174
159
163
170
171
157
202
180
202
180
181
180
181
183
181
186
189
178
188
189
186
183
175
175
187
213
188
189
181
178
181
183
183
188
189
191
188
189
194
184
202
201
201
192
191
199
201
272
186
192
193
196
182
212
192
198
200
206
187
200
200
197
198
178
155
163
153
152
156
149
150
152
150
196
192
196
205
195
170
152
156
9 round of counting
188
145
155
151
143
149
156
158
157
162
154
184
158
170
164
155
155
168
168
163
162
180
170
175
165
166
164
177
168
162
162
202
185
199
183
176
181
182
186
182
184
180
185
189
183
186
180
181
183
185
186
188
199
186
190
262
182
186
184
192
188
194
190
187
190
198
191
189
192
193
192
199
272
189
264
198
193
192
193
199
194
198
203
204
209
194
204
224
174
141
146
146
143
144
149
156
153
154
201
198
202
200
201
168
147
142
10 round of counting
0
0
0
0
0
0
0
0
0
0
0
0
0
0
0
0
0
0
0
0
0
0
0
0
0
0
0
0
0
0
0
0
0
0
0
0
0
0
0
0
0
0
0
0
0
0
0
0
0
0
0
0
0
0
0
0
0
0
0
0
0
0
0
0
0
0
0
0
0
0
0
0
0
0
0
0
0
0
0
0
0
0
0
0
0
0
0
0
0
0
0
0
0
0
0
0
0
0
0
0
0
0
0
0
0
0
11 round of counting
13235
12451
11514
11584
12354
11518
11961
13377
12070
12154
12191
12448
13349
12916
12749
12716
12892
13098
13087
13245
13271
13901
14433
14882
14418
13741
13805
16060
15775
15011
15985
25540
23210
23073
22629
23782
23728
23346
24247
24495
23784
24170
23690
24669
24270
24292
24204
23498
23335
23035
24018
23829
23602
23993
23588
24361
24715
24319
24191
24657
24517
25631
24677
22937
22983
24129
24555
24158
25030
24481
25042
25037
25262
24445
24913
25606
24707
24176
24700
25997
26081
25587
25370
25217
25823
26564
26314
26890
12525
11979
11511
11438
12527
11972
11596
11640
11828
11484
28662
25495
21231
17924
17931
12703
13128
12372
12 round of counting
13214
12724
11519
11674
12356
11559
11805
13160
11990
12120
12064
12370
13162
12943
13187
13237
13057
13151
13030
13183
13348
13932
14867
14863
14420
13640
13705
16164
15673
14872
15955
25464
23114
23052
22630
23783
23772
23461
23968
24743
23597
23980
23530
25615
24088
24136
24060
23111
23275
22966
25260
24201
23640
23735
23677
24320
25218
24093
24170
24871
24447
25129
24618
22963
22677
23525
23386
24160
24989
25909
25798
27088
29453
24735
25401
26859
24925
24020
24582
26099
25967
25353
25107
24882
25648
26163
28227
32111
12603
11952
11319
11309
12294
11736
11501
11258
11771
11255
28771
25416
21523
17759
17460
12293
13335
12058
13 round of counting
483
398
342
356
337
341
350
333
340
354
336
354
336
334
338
376
344
351
346
356
351
353
351
356
359
332
335
368
357
352
343
923
394
373
376
360
386
384
372
365
365
386
364
377
373
366
366
359
366
365
372
381
381
388
385
394
382
363
372
354
369
354
362
365
365
371
385
374
375
368
373
368
421
402
407
368
364
375
373
387
363
372
375
383
368
377
381
355
375
353
334
371
358
347
342
341
366
355
397
393
387
369
361
370
347
321
14 round of counting
26624
24770
23805
23545
24634
24161
24072
26802
25507
26162
26301
26490
27919
27946
28299
28365
28701
29524
29518
29843
29527
31194
31520
33725
32643
31524
31610
36062
35734
34618
36929
52667
50877
50712
48769
51901
52792
51841
52816
54711
53509
53050
53475
55133
54180
55664
55462
55440
54801
55147
55450
57995
57431
58429
57152
60478
60454
59087
58942
60204
60889
61479
59946
57728
56560
58174
57011
60033
61009
60691
61159
62904
61631
61691
62810
63365
62928
60518
62593
65196
66167
65788
64866
63915
65112
67594
67467
67214
25394
24308
23589
23462
24521
24477
23690
23663
24264
24103
71037
64843
53422
43740
43744
25187
26052
25034
15 round of counting
27547
24978
23859
23920
25046
24555
24423
27011
25979
26697
26541
27016
28543
28345
28548
28798
29168
29837
29794
30277
30124
31599
31914
34121
32904
32085
32060
36029
36366
34928
37847
53866
50981
50888
49268
52395
53325
52428
53557
54973
53800
53569
53794
54864
53477
54777
54450
55842
55523
55910
55790
58403
57734
58928
57648
61128
60209
59639
59407
60991
61327
62635
60584
58193
57284
59067
57519
60774
61644
61352
61544
63370
62276
62005
62380
63563
63298
61446
63311
65937
66921
66438
65417
64548
65419
68061
68102
68138
25651
24677
23764
23986
24894
24857
24113
24085
24554
24134
71928
65355
53862
44207
44104
25083
26092
25434
16 round of counting
665
572
503
490
493
486
477
513
475
508
460
487
484
506
499
483
483
492
485
497
503
536
507
526
492
488
498
535
507
502
522
1119
550
553
534
528
543
543
539
541
538
538
536
539
566
541
531
558
548
544
533
554
539
584
570
557
553
550
547
558
559
566
554
551
559
556
550
561
559
561
557
567
677
555
553
545
562
589
544
560
556
564
566
551
559
557
578
574
522
502
469
468
480
500
490
476
475
461
596
565
576
559
565
516
489
465
17 round of counting
13852
12693
12420
12340
12567
12997
12732
13856
13917
14319
14420
14340
14951
15311
15714
15908
16186
16601
16762
16994
16733
17629
17401
19176
18499
18081
18099
19817
19844
19901
20130
27829
27590
27802
26561
28818
29576
28976
29335
30525
30070
29551
30023
30953
30267
31700
31616
32492
32139
32483
31883
33856
34191
34947
34181
36603
34845
34948
35020
35955
36800
37020
36387
35022
33916
35041
34000
36182
36090
34550
35980
36571
36456
37183
36553
37029
38253
36780
38139
39041
40271
40411
39965
39146
39379
41248
41346
40579
13430
12682
12362
12308
12418
12791
12502
12506
12721
12874
42317
39453
32323
26207
26248
12745
12855
13027
18 round of counting
13847
12729
12502
12544
12640
13106
12890
14031
13990
14456
14645
14532
15126
15483
15905
16160
16329
16730
16893
17220
16914
17852
17580
19245
18628
18192
18224
20035
20138
20077
20393
28031
27779
28017
26706
29009
29758
29130
29514
30723
30301
29690
30227
31137
30566
31953
31801
32649
32192
32624
32069
34148
34337
35260
34328
36761
34987
35199
35199
36018
37066
37015
36707
35212
34259
35270
34186
36400
36269
34728
36106
36740
36789
37304
36897
37300
38532
36883
38423
39206
40535
40687
40145
39288
39607
41519
41604
40814
13672
12721
12472
12581
12614
12897
12669
12686
12887
13074
42613
39665
32474
26438
26248
12987
12993
13132
19 round of counting
175
151
141
142
140
141
148
151
147
155
154
153
150
159
149
150
154
159
155
154
156
168
159
162
160
156
153
161
157
155
155
193
184
172
172
173
175
169
176
176
173
177
176
177
178
180
176
176
180
178
181
180
177
180
183
180
177
170
173
181
173
177
175
176
181
184
184
193
186
222
190
186
257
193
190
189
186
186
188
188
192
192
190
189
198
191
201
203
170
145
135
138
138
136
140
139
140
139
188
182
189
184
187
153
142
139
20 round of counting
1
0
0
0
0
0
0
0
0
0
0
0
0
0
0
0
0
0
0
0
0
0
0
0
0
0
0
0
0
0
0
0
0
0
0
0
0
0
0
0
0
0
0
0
0
0
0
0
0
0
0
0
0
0
0
9
8
0
0
0
1
0
0
0
0
0
0
0
0
0
0
0
0
0
0
0
0
0
0
0
0
0
0
0
0
0
0
0
0
0
0
0
0
0
0
0
0
0
0
0
0
0
0
0
0
0
21 round of counting
3
1
1
1
0
0
0
0
0
0
0
0
0
0
0
0
0
0
0
0
0
0
0
0
0
0
0
0
0
1
0
0
0
0
0
0
0
1
0
0
1
0
1
0
0
0
0
1
0
0
0
0
0
0
1
0
0
0
0
0
0
0
0
0
0
0
0
1
0
0
0
0
0
1
0
0
0
0
1
0
0
1
1
0
0
1
1
0
0
0
1
0
0
0
0
0
0
0
0
0
0
0
0
0
0
0
22 round of counting
2
1
0
0
0
0
0
0
0
0
0
0
0
0
0
0
0
0
0
0
0
0
0
0
0
0
0
0
0
0
0
0
0
0
0
0
0
0
0
0
0
0
0
0
0
0
0
0
0
0
0
0
0
0
0
0
0
0
0
0
0
0
0
0
0
0
0
0
0
0
0
0
0
0
0
0
0
0
0
0
0
0
0
0
0
0
0
0
0
0
0
0
0
0
0
0
0
0
0
0
0
0
0
0
0
0
23 round of counting
7232
6142
5306
5495
5174
5434
5946
5788
5380
5581
5345
5485
5526
5764
5464
5226
5190
5321
5218
5172
5559
5741
5412
5739
5787
5252
5348
5742
5698
5614
5330
13397
6773
6421
6089
6409
6400
6165
6285
6318
6284
6267
6295
5710
6097
5529
5531
5659
5487
5425
5762
5561
5537
5566
5334
5404
5587
5664
5494
5611
5519
5849
7989
5713
5641
5816
5537
5680
5930
5669
5849
5757
6754
5864
6278
6099
5852
5936
5660
6061
7128
5888
5460
5344
5543
5638
5393
5952
5745
4677
5054
5046
4472
4585
5149
4984
5125
5033
6096
5456
5786
5672
5565
5541
4794
4604
24 round of counting
0
0
0
0
0
0
0
0
0
0
0
0
1
0
0
0
0
0
0
0
0
0
0
0
0
0
0
0
0
0
0
0
0
0
1
0
0
0
0
0
0
0
0
0
0
0
0
0
0
0
0
0
0
0
0
0
0
0
0
0
0
0
0
0
0
0
0
0
0
0
0
0
0
0
0
0
0
0
0
0
0
0
0
0
0
0
0
0
1
0
0
0
0
0
0
0
0
0
0
0
0
0
0
0
0
0
25 round of counting
5086
5092
5084
5090
5079
5008
4849
5174
5189
5231
5289
5115
5397
5379
5530
5595
5661
5715
5768
5819
5721
5952
6104
6378
6246
6210
6210
6543
6499
6542
6668
9209
10265
10511
9954
10368
10766
10550
10653
10692
10845
10618
10828
10492
10316
10629
10776
10765
10538
10764
10536
10579
10852
10843
10846
10908
10650
10578
10795
10892
10970
11117
10855
10532
10314
10708
10364
10920
10904
10589
10834
11005
10945
11043
10964
11146
11352
10929
11339
11446
11645
11781
11627
11503
11702
12263
12299
12087
5191
5182
5084
5090
5121
5234
5138
5138
5239
4990
12629
11803
9503
7557
7558
5228
5270
5298
26 round of counting
127
89
68
64
97
68
83
114
75
69
61
78
90
81
68
60
64
67
61
62
67
78
90
83
68
63
62
103
101
94
104
131
190
168
181
179
172
174
182
190
165
199
170
189
192
160
165
75
112
69
119
103
82
71
70
77
109
93
94
97
75
90
89
88
92
79
126
87
113
123
119
113
127
87
96
120
77
91
77
117
99
71
73
90
104
86
73
109
80
71
57
63
90
61
65
54
60
63
136
78
87
94
79
91
93
63
27 round of counting
8943
8585
8530
8545
8681
8765
8576
9360
9107
9173
9288
9128
9723
9544
9740
9866
9991
10087
10186
10282
10150
10522
11217
11528
11313
11214
11214
12027
11913
11817
12299
16664
17700
18027
17286
18046
18665
18277
18604
18835
18831
18619
18787
18717
18380
18839
19026
19365
19026
19364
19234
19454
19702
19861
19687
20141
19942
19700
19794
20089
20261
20493
20046
19013
18697
19455
18982
19831
19974
19471
19895
20402
20184
20073
20091
20674
20829
20076
20831
21228
21457
21637
21329
21096
21324
22260
22350
22103
9114
8730
8530
8545
8650
8825
8625
8625
8832
8720
23688
21069
17398
14058
14058
8816
9287
9074
28 round of counting
2
0
5
5
0
5
2
2
7
7
18
13
13
13
19
219
219
219
222
422
393
422
1110
1235
1173
1223
1223
1130
1106
1231
1106
1231
1172
1237
1112
1362
2043
1437
1958
1958
2043
1898
2043
1860
1838
1940
2043
2845
2672
2845
2532
2678
2851
2851
2851
2853
2538
2568
2762
3432
2853
3504
3432
3659
3474
3659
3258
3659
3474
3258
3332
3972
4104
3661
3404
3972
4467
4104
4461
4022
4112
4467
4467
4467
4640
5269
5269
4900
7
0
5
5
0
0
5
5
5
5
4484
5269
2716
896
896
5
0
0
29 round of counting
2006
2173
2308
2426
2307
2273
2130
2347
2897
2331
2466
2607
2642
2953
2429
2739
2794
3036
3206
3373
3255
5327
3709
6004
4864
5546
5699
4378
4646
4742
4475
6236
5182
4964
4778
5254
5702
5432
5751
5900
5821
5858
5861
6806
6483
6865
6938
8721
7989
7880
8013
8200
8734
8626
8195
9551
8914
8890
9987
8971
10147
9123
9532
8670
8487
10239
8362
10287
10003
9426
9937
10494
11524
10835
10910
11508
11551
10798
11733
12125
12573
11966
12299
12310
12862
13108
13204
12650
2005
2849
2680
2703
3041
2465
2806
2809
2716
2856
12823
11625
11854
11002
10872
2908
2785
3262
30 round of counting
0
0
0
0
0
0
0
0
0
0
0
0
0
0
0
0
0
0
0
0
0
0
0
0
0
0
0
0
0
0
0
0
0
0
0
0
0
0
0
0
0
0
0
0
0
0
0
0
0
0
0
0
0
0
0
0
0
0
0
0
0
0
0
0
0
0
0
0
0
0
0
0
0
0
0
0
0
0
0
0
0
0
0
0
0
0
0
0
0
0
0
0
0
0
0
0
0
0
0
0
0
0
0
0
0
0
31 round of counting
0
0
0
0
0
0
0
0
0
0
0
0
0
0
0
0
0
0
0
0
0
0
0
0
0
0
0
0
0
0
0
0
0
0
0
0
0
0
0
0
0
0
0
0
0
0
0
0
0
0
0
0
0
0
0
0
0
0
0
0
0
0
0
0
0
0
0
0
0
0
0
0
0
0
0
0
0
0
0
0
0
0
0
0
0
0
0
0
0
0
0
0
0
0
0
0
0
0
0
0
0
0
0
0
0
0
32 round of counting
0
0
0
0
0
0
0
0
0
0
0
0
0
0
0
0
0
0
0
0
0
0
0
0
0
0
0
0
0
0
0
0
0
0
0
0
0
0
0
0
0
0
0
0
0
0
0
0
0
0
0
0
0
0
0
0
0
0
0
0
0
0
0
0
0
0
0
0
0
0
0
0
0
0
0
0
0
0
0
0
0
0
0
0
0
0
0
0
0
0
0
0
0
0
0
0
0
0
0
0
0
0
0
0
0
0
33 round of counting
0
0
0
0
0
0
0
0
0
0
0
0
0
0
0
0
0
0
0
0
0
0
0
0
0
0
0
0
0
0
0
0
0
0
0
0
0
0
0
0
0
0
0
0
0
0
0
0
0
0
0
0
0
0
0
0
0
0
0
0
0
0
0
0
0
0
0
0
0
0
0
0
0
0
0
0
0
0
0
0
0
0
0
0
0
0
0
0
0
0
0
0
0
0
0
0
0
0
0
0
0
0
0
0
0
0
34 round of counting
0
0
0
0
0
0
0
0
0
0
0
0
0
0
0
0
0
0
0
0
0
0
0
0
0
0
0
0
0
0
0
0
0
0
0
0
0
0
0
0
0
0
0
0
0
0
0
0
0
0
0
0
0
0
0
0
0
0
0
0
0
0
0
0
0
0
0
0
0
0
0
0
0
0
0
0
0
0
0
0
0
0
0
0
0
0
0
0
0
0
0
0
0
0
0
0
0
0
0
0
0
0
0
0
0
0
35 round of counting
0
0
0
0
0
0
0
0
0
0
0
0
0
0
0
0
0
0
0
0
0
0
0
0
0
0
0
0
0
0
0
0
0
0
0
0
0
0
0
0
0
0
0
0
0
0
0
0
0
0
0
0
0
0
0
0
0
0
0
0
0
0
0
0
0
0
0
0
0
0
0
0
0
0
0
0
0
0
0
0
0
0
0
0
0
0
0
0
0
0
0
0
0
0
0
0
0
0
0
0
0
0
0
0
0
0
36 round of counting
0
0
0
0
0
0
0
0
0
0
0
0
0
0
0
0
0
0
0
0
0
0
0
0
0
0
0
0
0
0
0
0
0
0
0
0
0
0
0
0
0
0
0
0
0
0
0
0
0
0
0
0
0
0
0
0
0
0
0
0
0
0
0
0
0
0
0
0
0
0
0
0
0
0
0
0
0
0
0
0
0
0
0
0
0
0
0
0
0
0
0
0
0
0
0
0
0
0
0
0
0
0
0
0
0
0
