0 round of counting
24660
6326
3248
8904
8641
8257
12460
13665
14508
119302
1197335
1031766
1401311
571786
293083
670672
702216
129325
125999
186186
8156
166344
167633
130519
186518
1836746167
6501
1800493343
1975604394
1 round of counting
23748
11235
7135
12829
11855
10394
14608
15552
15901
101630
922108
837698
1000238
410627
210056
470629
512379
96800
97274
129140
11175
120286
121838
95881
132391
1407168383
61770
1044878196
1478204021
2 round of counting
255
397
315
381
391
343
358
421
425
752
1927
650
797
565
607
1257
1349
702
655
645
421
731
772
716
800
487914
328
195083
527653
3 round of counting
682
440
328
376
347
338
370
409
430
722
1176
995
692
727
1043
1739
1745
683
760
793
389
774
796
666
604
386228
629
271142
444117
4 round of counting
191
27
2
3
1
0
2
2
0
39
3
4
0
2
1
0
0
1
0
1
0
0
0
0
0
2586
265
2595
3057
5 round of counting
616
513
466
527
479
511
531
602
582
923
2702
1599
2735
2516
1541
1949
2551
1052
1001
1149
541
957
1150
1083
1074
2800824
412
2200844
2766029
6 round of counting
3982
3265
2011
4251
4022
4066
5659
6114
6425
45738
440258
371734
494165
203896
104929
236633
251569
47213
46872
67622
3885
61118
61938
47209
67042
656514450
4820
611568363
705364544
7 round of counting
173
16
3
5
1
0
1
0
0
45
39
0
8
0
1
3
1
1
0
0
2
0
0
0
0
106216
352
123777
102180
8 round of counting
161
150
138
148
143
140
148
148
152
227
1114
906
1300
504
352
645
909
233
254
253
150
247
306
311
261
3676614
192
3244279
3783132
9 round of counting
185
132
132
134
137
136
146
149
152
213
1052
985
1352
526
321
636
873
244
225
245
144
236
313
288
260
3779060
205
3370627
3880277
10 round of counting
50
7
0
1
0
0
0
0
0
8
26
0
0
1
0
0
0
0
0
0
0
0
1
1
0
104308
60
119900
99376
11 round of counting
6513
4935
3338
5454
5105
4843
6286
6886
7207
41068
390105
363317
462178
181854
95942
217555
226466
42334
42529
59033
5301
54651
54917
41700
59078
662159335
6487
448268751
694097378
12 round of counting
6749
4554
3259
5496
5272
4922
6237
6861
7294
40814
388798
360770
440852
180196
91977
203768
224309
42134
42236
58422
5081
54008
54481
41614
58891
666489942
7142
456437565
704244670
13 round of counting
525
361
323
385
326
311
309
360
347
436
450
444
473
404
432
437
440
411
399
408
346
375
425
440
392
25721
709
18635
25645
14 round of counting
9190
7400
4850
9479
8982
8809
11942
13494
14232
96816
939685
841694
1095786
445256
229807
516149
549361
101945
101288
143263
8698
131178
131744
100855
143202
1490197132
9917
1246455189
1585255927
15 round of counting
9998
7819
4880
9905
9133
8680
12236
13812
14420
96894
940226
843062
1077806
443528
227172
506134
549894
102578
101408
143416
8925
131697
132342
101817
143779
1476485859
10296
1255926373
1584094699
16 round of counting
698
511
467
514
476
463
476
519
512
644
1142
1123
1358
800
702
877
920
638
587
582
499
650
700
605
592
2806204
809
1864290
2954937
17 round of counting
2990
2960
1551
4289
4015
3872
5982
6590
7044
55828
550364
479506
634251
261715
133770
300578
323259
59780
58806
84449
3733
76958
76965
59320
84269
822935405
3027
796638282
877540516
18 round of counting
3056
3110
1650
4316
4258
3982
5962
6570
7023
56271
550887
479790
655853
263807
135977
309332
323937
59970
59021
84610
3846
77023
77178
59529
84464
824726208
3759
798810887
880787755
19 round of counting
167
135
127
131
134
134
142
145
141
192
765
570
848
350
233
444
485
206
188
190
144
194
253
188
188
2787097
209
1845006
2913703
20 round of counting
4
0
0
0
0
0
0
0
0
1
5
0
0
0
0
0
0
0
0
0
0
0
0
0
0
3219
41
2916
3097
21 round of counting
9
0
0
0
0
0
0
0
0
0
0
0
0
0
0
0
0
0
0
0
0
0
0
0
0
0
49
16
56
22 round of counting
13
1
0
0
0
0
0
0
0
1
5
0
0
0
0
0
0
0
0
0
0
0
0
0
0
3090
86
2932
3112
23 round of counting
14458
5539
4486
4271
4312
3992
4402
4664
4569
12243
40316
44923
41405
18568
13563
19716
22714
7812
8175
8607
4704
8816
9280
7574
8244
64315274
40068
11255862
65279961
24 round of counting
0
0
0
0
0
0
0
0
0
0
0
1
0
0
0
0
0
0
0
0
0
0
0
0
0
578
0
439
626
25 round of counting
799
836
450
1142
1118
1070
1637
1780
1862
15198
155802
140271
178605
72642
36842
84881
89831
16326
15987
22685
1041
20409
20622
16521
22779
237193594
874
237359583
253010362
26 round of counting
144
81
56
106
85
80
99
117
117
668
6126
6917
6016
2371
1241
2561
2997
503
566
637
84
671
681
477
624
10848889
137
1135642
10737818
27 round of counting
1408
1465
755
2123
2057
1945
2904
3227
3471
28707
292095
243822
348685
140798
72330
166639
172187
31452
30637
47280
1925
41789
42135
31883
47409
474231034
1636
437155572
513107882
28 round of counting
0
0
0
0
0
0
0
0
0
0
0
0
0
0
0
0
0
0
0
0
0
0
0
0
0
0
0
0
0
29 round of counting
1432
1096
562
1797
1607
1461
2465
2472
2823
24621
239481
193740
242373
99662
51110
113752
125057
23478
23440
31124
1390
28512
28832
23087
31287
303352634
6088
284526363
327200349
30 round of counting
0
0
0
0
0
0
0
0
0
0
0
0
0
0
0
0
0
0
0
0
0
0
0
0
0
0
0
0
0
31 round of counting
0
0
0
0
0
0
0
0
0
0
0
0
0
0
0
0
0
0
0
0
0
0
0
0
0
0
0
0
0
32 round of counting
0
0
0
0
0
0
0
0
0
0
0
0
0
0
0
0
0
0
0
0
0
0
0
0
0
0
0
0
0
33 round of counting
0
0
0
0
0
0
0
0
0
0
0
0
0
0
0
0
0
0
0
0
0
0
0
0
0
0
0
0
0
34 round of counting
0
0
0
0
0
0
0
0
0
0
0
0
0
0
0
0
0
0
0
0
0
0
0
0
0
0
0
0
0
35 round of counting
0
0
0
0
0
0
0
0
0
0
0
0
0
0
0
0
0
0
0
0
0
0
0
0
0
0
0
0
0
36 round of counting
0
0
0
0
0
0
0
0
0
0
0
0
0
0
0
0
0
0
0
0
0
0
0
0
0
0
0
0
0
