0 round of counting
19574
17142
15824
150363
17271
18738
20206
24624
26093
29031
34917
37864
43750
3301
46675
54054
55522
6963
61394
64347
70233
73180
8397
76168
79213
88290
9884
91307
95823
100398
11331
106452
109496
118572
121604
124626
133711
14312
142776
145819
1 round of counting
23668
30799
36030
326838
39482
41971
45473
54267
57442
64941
76474
84432
95803
11132
102997
118737
122035
16705
135017
141955
154747
160628
19328
175101
173777
188145
22780
196124
203373
212125
25621
226961
277401
265977
261232
274297
291347
32338
305489
310779
2 round of counting
856
1173
1260
10924
1353
1445
1575
1872
1977
2194
1850
987
1043
208
1078
1163
1191
261
1262
1207
1323
1534
321
1409
1399
1564
313
1653
3579
7404
893
7515
7569
8188
8389
8623
9225
1057
9841
10120
3 round of counting
870
1107
1204
10969
1383
1472
855
679
626
726
816
881
1006
207
1044
1299
1229
283
1328
1322
1478
1565
302
1584
1740
1783
321
1762
1785
2680
943
7918
8047
8646
7189
2593
2488
388
2363
2496
4 round of counting
2
1
0
0
0
0
0
0
0
268
158
12
9
15
6
6
1
1
2
1
0
4
1
1
2
44
56
2
0
2
0
0
0
232
140
18
24
4
14
7
5 round of counting
1139
1689
1931
16595
1974
2213
2331
2799
2895
3239
3898
4205
4776
626
5174
5972
6099
891
6641
7189
7542
8203
1052
8539
8839
9788
1204
10100
10579
11020
1356
11654
12050
12980
9466
3962
4199
651
4543
4560
6 round of counting
5276
8050
9605
87772
10667
11358
12241
14842
15539
17447
20797
23462
27433
2742
28558
32737
33399
4343
37021
39203
42140
43467
5302
45187
46799
53158
6688
54481
57071
59735
7037
63764
65496
70358
72339
74018
79344
8757
84280
86036
7 round of counting
10
1
0
1
2
0
0
0
0
0
0
0
0
4
0
0
1
0
0
0
2
0
0
0
0
0
0
5
5
0
0
0
0
0
1
2
0
0
360
227
8 round of counting
349
539
634
5639
697
761
803
843
407
396
454
469
576
115
595
719
724
147
795
820
881
955
164
995
997
1048
185
1434
3732
3667
212
1273
1198
1405
1444
1444
1542
235
1588
1626
9 round of counting
349
527
654
5669
707
768
831
999
1050
1170
1440
1491
1742
193
1867
2107
2168
298
2412
2485
2697
2837
379
2941
3051
3391
410
1508
1032
1102
189
1116
1242
1273
1413
1475
1481
235
3348
5469
10 round of counting
0
0
0
0
0
0
0
0
0
0
0
0
0
0
0
0
0
0
0
0
0
0
0
0
0
0
0
0
0
0
0
0
0
0
0
0
0
0
0
0
11 round of counting
8620
11862
13809
120017
14489
15619
16837
19419
13136
14490
16763
18102
21115
3148
22736
24945
25683
4454
28566
30341
33038
34205
5132
35525
37212
41390
5835
43688
43498
45913
6504
81923
88795
94194
96589
99475
106541
12192
114462
71915
12 round of counting
8539
12023
13664
121130
15271
15321
10614
12303
13026
14255
17008
17831
20120
3081
21966
24965
25371
4425
28460
29630
32689
33791
4910
35061
35776
40136
5754
41797
43474
49557
9998
86226
86478
91454
94593
96830
103648
11926
109899
112197
13 round of counting
746
944
1074
8732
1463
1461
1348
1511
1565
1781
2356
2481
2616
433
2748
3226
3258
566
3785
4046
4390
4397
618
4449
4824
5209
751
5307
5648
5829
832
6270
6425
6663
6944
7067
7591
990
8078
6565
14 round of counting
12102
17414
20469
148332
17420
18164
19414
23353
24821
27153
32405
35147
40330
4599
43593
50543
50620
7406
56864
58584
63876
66327
8562
69423
72128
80009
9963
82607
120567
95636
11664
95135
98432
105023
107160
110832
122330
14230
127521
144039
15 round of counting
13275
18952
21904
201452
26683
27174
27348
32702
34820
38226
45833
49781
57535
6202
62903
72227
72845
9772
79426
83631
90630
94968
11654
90805
74097
81507
10392
85830
89452
93367
12143
98811
101196
110335
112577
115145
156887
20272
189499
193596
16 round of counting
1115
1520
1700
14081
1916
2012
2116
2514
2666
2941
3490
3698
4394
629
4651
5292
5436
823
6273
6581
6950
7113
953
7507
7979
8530
1223
7604
2611
2856
677
2693
2661
2821
3114
2927
3123
565
3458
14378
17 round of counting
4154
6482
7961
74864
8752
9384
10081
12271
13005
14501
17402
19089
21592
1881
23220
27030
27583
3503
31322
32470
35029
36576
4149
38382
39701
41082
4639
42496
44913
46431
5332
49136
50485
54429
56097
57147
61240
6655
70677
72462
18 round of counting
4582
7126
8717
80541
9366
10174
10915
13334
14118
15624
18827
20545
23558
2049
25182
29078
29982
3418
29220
30522
33105
34524
4036
36247
37576
41564
4718
42844
44970
47020
5401
49855
51164
57626
65011
66831
71367
7754
76359
78358
19 round of counting
323
492
584
5059
669
783
797
961
995
1124
1376
1468
1622
216
1678
1924
1984
293
2190
2338
2562
2643
335
2785
2907
3174
402
3328
3412
3650
442
3804
3894
4185
4356
4425
4712
575
5001
5177
20 round of counting
1
0
0
0
0
0
0
0
0
0
0
0
0
0
0
0
0
0
0
0
0
0
0
0
0
0
0
0
0
0
0
0
0
0
0
7
1
0
6
1
21 round of counting
0
0
0
0
0
0
0
0
0
0
0
0
0
0
0
0
0
0
0
0
0
0
0
0
0
0
0
0
0
3
5
3
0
46
20
1
1
0
0
0
22 round of counting
3
2
0
0
0
86
67
39
30
42
41
5
0
0
0
0
0
0
0
0
0
0
0
0
0
0
0
94
136
133
16
157
173
173
162
182
180
20
176
0
23 round of counting
14098
20584
23260
207400
28177
26801
29012
34665
36530
41011
48699
52690
60332
7813
57857
18044
18457
4334
20456
20739
21787
22727
4441
23497
24240
27693
5041
27904
29256
30509
5960
32027
112797
169620
169450
172036
182650
20631
196102
199785
24 round of counting
0
0
0
1
0
0
0
0
0
0
1
0
0
0
0
0
1
0
0
0
0
0
0
0
0
0
0
0
0
0
0
0
0
0
0
0
0
0
0
0
25 round of counting
1139
1847
2272
21389
2480
2694
2903
3539
3748
4169
5014
5438
6283
502
6703
7764
7973
1004
8818
9239
10084
10509
1210
10908
11308
12580
1416
13005
13643
14278
1622
15126
15553
16825
17251
17674
19031
2057
20315
20670
26 round of counting
177
191
219
1738
169
176
176
230
214
236
289
311
357
64
421
465
460
72
493
516
561
587
79
629
655
739
94
771
882
1266
172
1359
1368
1516
1636
1671
1510
140
1270
1246
27 round of counting
1800
2895
3570
33646
3895
4227
4556
5550
5869
6521
7840
8500
9819
785
10477
12130
12458
1572
13776
14436
15756
16415
1894
17082
17755
19769
2227
20440
21444
22455
2550
23857
24543
26564
27237
27911
29931
3226
31950
32625
28 round of counting
15
24
30
300
33
36
39
48
51
57
69
75
87
13
93
108
111
12
123
129
141
147
15
153
159
177
18
183
192
201
21
213
219
237
243
249
267
27
285
291
29 round of counting
595
1179
1181
11975
1493
1535
1746
1999
3439
4975
5862
6346
7554
550
7725
9122
9142
1126
10417
10774
11205
11343
1307
11531
12479
13824
1434
14291
15200
16018
1829
9716
10001
11269
11863
12074
13138
1418
18007
21009
30 round of counting
0
0
0
0
0
0
0
0
0
0
0
0
0
0
0
0
0
0
0
0
0
0
0
0
0
0
0
0
0
0
0
0
0
0
0
0
0
0
0
0
31 round of counting
0
0
0
0
0
0
0
0
0
0
0
0
0
0
0
0
0
0
0
0
0
0
0
0
0
0
0
0
0
0
0
0
0
0
0
0
0
0
0
0
32 round of counting
0
0
0
0
0
0
0
0
0
0
0
0
0
0
0
0
0
0
0
0
0
0
0
0
0
0
0
0
0
0
0
0
0
0
0
0
0
0
0
0
33 round of counting
0
0
0
0
0
0
0
0
0
0
0
0
0
0
0
0
0
0
0
0
0
0
0
0
0
0
0
0
0
0
0
0
0
0
0
0
0
0
0
0
34 round of counting
0
0
0
0
0
0
0
0
0
0
0
0
0
0
0
0
0
0
0
0
0
0
0
0
0
0
0
0
0
0
0
0
0
0
0
0
0
0
0
0
35 round of counting
0
0
0
0
0
0
0
0
0
0
0
0
0
0
0
0
0
0
0
0
0
0
0
0
0
0
0
0
0
0
0
0
0
0
0
0
0
0
0
0
36 round of counting
0
0
0
0
0
0
0
0
0
0
0
0
0
0
0
0
0
0
0
0
0
0
0
0
0
0
0
0
0
0
0
0
0
0
0
0
0
0
0
0
