0 round of counting
21655
18471
9739
8292
6625
6742
6218
358209
387211
3500277903
550287391
276946
12984
10991
19063
2972239216
626672
499080750
1092839041
687077138
16238648
16121419
93811908
7526462
11866056
4177172
11448655
1257453
13264116
74254996
7070112
34919135
1056637453
791669383
1097101549
624368322
768239757
110807357
89117821
552674368
92353647
87507210
1627791130
1408455648
936216653
1298745475
1110570819
1693024469
1 round of counting
19853
20877
14078
12853
12529
11528
11432
229690
213957
2169967826
254441170
178601
18513
17000
22598
1386604833
518347
304327878
475517610
317699257
9562050
9383394
58429065
4957015
8074657
2894588
7224612
823722
8504026
46418863
4819157
21993558
582591751
377848447
507955107
724584680
498461985
85864572
48827093
266861423
54497461
50855107
751374926
631286270
558089968
567103506
403917181
1799534181
2 round of counting
723
676
429
367
463
451
448
490
562
629
613
593
562
548
580
1542
1392
1819
1665
1334
1309
1023
802
893
922
877
982
796
1334
791
1109
850
884
1160
1500
1053
993
1196
1005
970
1347
1148
990
909
1070
1449
1425
1587
3 round of counting
754
696
468
367
482
449
438
510
577
1633
675
607
609
567
595
1439
1392
1628
1486
1268
1063
1097
907
861
969
932
1100
895
1196
799
1121
862
937
1039
969
1140
1265
1202
1005
947
1058
921
1076
1189
1076
1090
1106
1294
4 round of counting
9
3
3
0
1
0
0
0
0
18
20
2
3
0
1
15
1
3
2
8
1
2
2
0
0
0
0
0
0
12
2
4
21
100
182
80
7
10
1
5
3
5
20
4
6
7
2
23
5 round of counting
967
897
564
554
675
689
655
705
7884
13163
5903801
7123
776
731
804
10286604
8289
10968739
10893791
7608574
149284
157216
15459
31435
66694
16440
113513
1377
106223
18163
38652
14507
13078288
15419708
8292870
8325977
6369694
2006441
318449
5365291
474581
340191
10875883
5769719
10416155
5681938
5002253
24173676
6 round of counting
5431
6000
3655
4040
3655
3561
3349
107477
79661
1036780644
125290920
66279
5927
5422
7995
658440144
212133
217451083
205103468
236023937
3547851
3367906
27739514
2213856
3204697
1197679
2572558
399164
3256916
22347052
1936825
10410909
414528313
331545869
330132644
269778446
142490477
25272173
18408732
124199086
17761203
17431642
376486467
310677601
195237723
252208389
181211043
1136291139
7 round of counting
585
173
39
5
10
2
0
15
2093
189
98
13
9
4
1
104
108
23
26
16
10
2
1
3
1
1
7
0
1
0
0
3
2
14
15
2
5
11
1
4
3
0
3
8
9
0
3
19
8 round of counting
208
196
145
152
185
173
169
184
7320
11383
5904265
6530
207
210
214
7858495
6903
13200916
1364246
5871214
148283
165002
14334
30515
65736
15322
114375
547
101377
17545
34542
13932
12772506
9010936
9840581
11077854
7803920
1920153
421056
5553252
437289
326759
12879859
3344300
9521679
10576082
7062307
36090017
9 round of counting
209
197
151
146
183
172
167
179
7405
11257
5906611
6537
206
212
211
1067748
6938
13264239
10027413
5700614
148082
165123
14333
30480
63825
15650
112714
577
102670
17124
38731
14296
11939967
8210331
6411575
11892534
2565581
2351685
351571
5539006
431321
356068
6177499
7484867
3790161
5163047
5174784
53974490
10 round of counting
0
0
0
0
0
0
0
0
4
141
17
0
2
1
0
17
10
2
2
1
0
1
0
0
0
2
0
0
0
6
0
0
2
0
0
1
0
0
0
0
0
0
0
2
0
0
3
0
11 round of counting
9301
8594
5580
5208
5679
5158
5155
66109
82969
600779582
101152771
72136
8332
7801
10365
664410419
200478
132065641
221077872
123536765
3766191
3790310
16335375
1689941
2923307
1052669
3174421
259013
3429559
13006362
1926043
6220223
180903945
181460733
192716629
211974603
92575736
27807903
22254061
107223283
24818801
21910331
370640860
306818607
201846147
214351501
163923964
511953344
12 round of counting
8840
9277
5723
5358
5630
5259
5180
66221
82971
600720646
101112651
72091
8928
7908
10737
618825303
202576
128360911
149495926
117015267
3674678
3626772
16304456
1684296
2813943
1020693
3246671
257762
3347095
12993092
1856942
6211804
159860653
202598191
214796756
158926021
187613554
25562638
21309451
107924407
21052177
22433032
344499381
289191221
210804256
195517447
167944415
310033517
13 round of counting
675
599
370
351
472
429
435
535
545
653
631
532
543
499
503
580
625
642
774
713
634
633
613
639
609
603
680
633
608
608
653
619
637
628
666
676
623
673
660
613
667
592
615
684
595
619
651
640
14 round of counting
13601
13790
8778
8983
8268
8234
7642
170071
165622
1601808039
251569631
144358
14285
12542
18268
1411624835
444879
276834200
356566552
308912783
7236084
7142148
43160572
3823434
5943453
2229314
5624475
659844
6498232
34275854
3670127
16279755
360454844
349216565
467231523
338617725
264837928
42109115
40141843
260634083
50647435
43245997
884257049
660128663
538593236
404483864
387472191
2021328742
15 round of counting
13897
14482
9215
9418
9367
8625
8094
170082
167997
1601796777
251789866
146558
14663
13490
19063
1451557519
448424
296794539
482411985
295362313
7014291
7069794
43207138
3908517
6052063
2220876
6037280
664162
6563651
34355154
3898364
16318254
285613817
344592505
486476596
602638765
429088242
54917670
42772120
248084121
49372350
42883039
1027614510
621242413
528237889
570903196
491230037
1018113364
16 round of counting
888
805
562
504
680
614
620
649
2595
7603
204051
2566
698
693
731
363140
2851
6726528
5261802
2142534
18800
17981
3144
14578
11970
3877
15725
1055
17201
3798
8101
2930
7250817
15104673
529162
9912732
8704671
1570185
130350
374067
165080
103589
744770
9558607
8860367
2185703
1246536
1434610
17 round of counting
4731
5603
3345
3871
3065
2967
2728
103729
82782
1000930340
150432815
72570
5845
5102
8273
731270590
245392
104199859
224660174
128441733
3318827
3141566
26852885
2170394
3113831
1189068
2492458
402981
3138025
21301252
1903545
10078526
264082947
252605205
351029622
185305976
148239351
23943506
19377167
152643344
24215601
22124954
574008180
350007061
306636521
358217349
192301755
606269059
18 round of counting
5273
6265
3446
3998
3205
3246
2975
103968
85177
1000770533
150510388
74566
6206
5278
8599
914498326
248528
322554737
264139482
162877211
3301309
3187001
26862564
2184785
3122674
1192953
2517843
403638
3152093
21295613
1887343
10081784
264060061
196544689
273563548
189840375
156635771
25330755
21773998
149764082
25751865
20764141
586426983
293222254
333783266
277230414
195802783
907899118
19 round of counting
196
198
146
153
181
170
169
179
1996
6518
202434
1992
205
209
216
224439
2214
5942561
11583302
1907609
20568
13637
2483
14443
12669
2705
14173
516
16872
3918
11107
2150
16855124
6758243
1432723
14819511
11070913
1442594
103038
93251
141698
105884
509775
1587083
1403204
14308
4732493
1026442
20 round of counting
0
0
0
0
0
0
0
0
4
3
0
0
0
0
0
1
0
0
0
0
0
0
0
0
0
0
0
0
0
0
0
0
0
0
0
0
0
0
0
0
0
0
1
0
1
0
0
0
21 round of counting
1
0
0
0
0
0
0
0
0
0
0
0
0
0
0
0
0
0
0
0
0
0
0
0
0
0
0
0
0
0
0
0
2
2
1
1
0
0
0
0
0
0
0
0
0
0
0
0
22 round of counting
1
0
0
0
0
0
0
0
2
2
0
0
0
0
0
1
0
1
0
0
0
0
0
0
1
0
0
0
0
0
0
0
1
0
0
0
0
0
0
0
0
0
1
0
0
0
0
0
23 round of counting
9469
8924
6594
5480
6482
6304
6321
6500
9344
1271749
479321
10819
7513
7297
8068
12879719
32352
5438477
3798966
4766731
265940
266020
87445
114590
297964
95592
407304
15210
352529
107469
170268
80123
5433327
7766144
8754832
5751131
7417915
1778046
1904681
1372990
2554013
2287406
11863427
11406400
8543412
10365640
7251966
3421058
24 round of counting
0
0
0
0
0
0
0
0
0
910
107
0
0
0
0
586
1
113
168
140
4
4
25
2
3
2
3
0
4
19
2
9
151
152
245
210
207
32
21
111
24
19
356
258
193
235
184
754
25 round of counting
1129
1424
925
1068
858
870
811
31050
38683
300019608
50018824
18676
1600
1318
2192
282141134
62054
55942731
79676134
66869923
1726111
1752406
8038199
644744
1092614
379447
1188946
108630
1292750
6364900
664086
2987895
76623765
67447957
96864748
69336411
47390740
11905703
8971645
51551781
10344660
8702626
190736299
100916367
72588135
70758683
91859891
254988568
26 round of counting
208
162
120
94
91
65
69
94
134
11072
10246
104
156
136
189
1807995
2683
750522
747599
775059
38645
39351
7446
14985
39563
14329
57794
1148
51353
9140
31984
7988
995869
955425
1148608
1146731
1009925
217390
320454
238489
337251
325638
1798681
1557567
1305328
1453597
1225116
61308
27 round of counting
2062
2668
1697
1935
1533
1576
1445
71869
64574
700035534
100044761
34575
2891
2426
4061
515948959
117230
111647074
164794326
114834988
3003499
2971411
18721479
1429191
2247671
802228
2149567
255483
2459435
14807826
1354481
6953889
192850619
130560565
209708974
191137089
163996223
20863273
16066970
103862050
17940324
15701187
431585979
261828016
202850016
207733837
167896274
607605625
28 round of counting
656
653
138
77
65
65
119
200120
60065
2000180107
55065
180106
124
387
584
56064
209467
1153984
1704566
3694382
3196712
2527014
53106007
3102610
4113203
1490642
1534883
603392
3230440
41871984
2264579
19523808
193363
275656
253950
280579
270424
194619
319942
346594
185143
236114
55967
55065
55066
55065
55067
55065
29 round of counting
1493
2813
1245
1545
684
793
720
97480
75007
961573593
127658637
27101
2021
2519
3650
649562066
167026
214582060
288884500
233771978
3526201
3239409
25870315
2047449
3035587
1115570
2427218
342310
3117112
20113847
1821236
9718419
177426767
253765944
289122555
266903245
288591397
38121106
18441247
124633316
26051752
27696094
427499944
419967069
309655616
271379271
208436508
381729972
30 round of counting
93
90
0
0
0
0
9
30009
0
300030006
0
30006
0
45
78
0
33717
175977
258846
557229
482472
382128
7967958
467724
620061
224907
232701
90582
487701
6283365
341727
2930781
32517
44910
41616
45648
44088
32085
51516
55575
30684
38847
0
0
0
0
0
0
31 round of counting
139
135
20
10
2
2
12
50013
10001
500040009
10001
40008
12
68
112
10001
46443
283423
421520
918841
794247
627006
13273013
771494
1024469
370446
380273
150346
803471
10463632
563269
4877087
44248
64893
59404
66122
63532
43503
75920
82665
41151
54800
10001
10001
10001
10001
10001
10001
32 round of counting
15
17
0
0
0
0
0
10001
0
100000001
0
0
0
12
12
0
1985
49045
76614
176123
151207
117756
2649079
147930
197807
70684
70223
29654
153371
2085830
107797
969417
1002
5101
4006
5344
4854
783
7354
8647
265
3116
0
0
0
0
0
0
33 round of counting
15
17
0
0
0
0
0
10001
0
100000001
0
0
0
12
12
0
1985
49045
76614
176123
151207
117756
2649079
147930
197807
70684
70223
29654
153371
2085830
107797
969417
1002
5101
4006
5344
4854
783
7354
8647
265
3116
0
0
0
0
0
0
34 round of counting
247
242
20
10
2
2
21
90023
10001
900070016
10001
70014
12
125
202
10001
82145
508445
756980
1652193
1427926
1126890
23890050
1387148
1842337
666037
683197
270582
1444543
18832827
1012793
8777285
77767
114904
105026
117114
112474
76371
134790
146887
72100
96763
10001
10001
10001
10001
10001
10001
35 round of counting
0
0
0
0
0
0
0
0
0
0
0
0
0
0
0
0
0
0
0
0
0
0
0
0
0
0
0
0
0
0
0
0
0
0
0
0
0
0
0
0
0
0
0
0
0
0
0
0
36 round of counting
247
242
20
10
2
2
21
90023
10001
900070016
10001
70014
12
125
202
10001
82145
508445
756980
1652193
1427926
1126890
23890050
1387148
1842337
666037
683197
270582
1444543
18832827
1012793
8777285
77767
114904
105026
117114
112474
76371
134790
146887
72100
96763
10001
10001
10001
10001
10001
10001
