0 round of counting
29567
9390
9061
9794
10114
11178
8561
9254
10242
11344
11563
14065
19769
57892
59821
58960
59272
13879
13724
10454
89686
1 round of counting
17800
14425
12482
14151
14273
15808
13307
13515
14229
15155
15095
17313
21739
48327
47806
46646
47244
17304
16790
15056
68765
2 round of counting
621
436
408
414
410
428
369
413
404
430
429
459
470
529
487
470
442
436
378
409
512
3 round of counting
608
446
401
428
413
436
370
391
409
412
399
427
454
552
500
553
575
430
385
424
602
4 round of counting
3
0
0
0
0
0
0
0
0
0
0
0
0
0
0
0
0
0
0
0
0
5 round of counting
796
641
574
568
563
603
525
547
565
594
565
619
639
796
777
658
738
688
554
607
717
6 round of counting
5331
4886
4002
4918
4983
5526
4384
4598
5033
5451
5524
6507
8750
23298
23767
23217
23398
6503
6439
5379
35009
7 round of counting
0
0
0
0
0
0
0
0
0
0
0
0
0
0
0
0
0
0
0
0
0
8 round of counting
182
166
172
171
170
181
173
179
177
177
172
190
186
222
204
206
209
185
169
183
224
9 round of counting
168
171
180
186
175
186
176
176
172
177
180
191
194
227
222
209
220
192
184
190
229
10 round of counting
0
0
0
0
0
0
0
0
0
0
0
0
0
0
0
0
0
0
0
0
0
11 round of counting
7891
6270
5381
6102
6117
6474
5266
5730
6181
6502
6493
7217
9034
19281
19183
18531
18769
7066
7087
6423
26511
12 round of counting
7675
6089
5393
5951
6288
6490
5398
5857
6244
6457
6397
7325
8968
19436
19212
18593
18710
7141
7058
6430
27208
13 round of counting
556
398
404
404
383
389
371
397
397
390
355
397
398
436
417
389
412
417
393
430
413
14 round of counting
12183
10484
8965
10892
11054
11705
9466
10330
10994
11877
11901
14078
19163
46654
47126
45902
46550
13720
13450
11889
68788
15 round of counting
13100
10935
10272
14982
11888
12027
9865
9984
11178
11740
12093
13958
18839
47704
47373
45964
46188
13803
13324
11724
69353
16 round of counting
728
582
536
552
507
545
508
523
520
555
530
553
582
645
757
618
611
579
539
564
618
17 round of counting
4878
4541
3554
4628
4756
5437
4019
4290
4754
5400
5531
6556
9471
27427
28034
27568
27821
6470
6489
5026
42338
18 round of counting
5024
4827
3757
4903
5035
5682
4211
4445
5054
5583
5714
6690
9599
27833
28406
27821
27989
6646
6626
5317
42408
19 round of counting
175
165
154
155
148
160
148
154
158
160
159
168
169
192
191
187
189
166
156
164
211
20 round of counting
0
0
0
0
0
0
0
0
0
0
0
0
0
0
0
0
0
0
0
0
0
21 round of counting
0
0
0
0
0
0
0
0
0
0
0
0
0
0
0
0
0
0
0
0
0
22 round of counting
0
0
0
0
0
0
0
0
0
0
0
0
0
0
0
0
0
0
0
0
0
23 round of counting
7705
5822
6038
5580
5629
5774
5239
5570
5534
5580
5855
5920
6058
6965
6664
8532
6763
6347
5605
5759
6161
24 round of counting
0
0
0
0
0
0
0
0
0
0
0
0
0
0
0
0
0
0
0
0
0
25 round of counting
1281
1269
985
1321
1371
1484
1164
1260
1376
1525
1543
1843
2586
7500
7752
7642
7683
1840
1836
1396
11651
26 round of counting
152
72
72
70
67
77
58
62
78
70
68
75
104
144
109
87
93
76
68
80
110
27 round of counting
2276
2263
1715
2345
2435
2664
2070
2218
2466
2705
2795
3377
4721
13685
14143
13973
14026
3239
3218
2469
21085
28 round of counting
160
150
108
166
161
178
135
148
161
184
179
210
316
1082
1119
1096
1114
242
248
166
1766
29 round of counting
1698
1770
1286
1886
1706
2181
1631
1670
1823
2235
2311
2718
4071
12859
13030
12924
13151
2922
3003
2050
21392
30 round of counting
15
14
8
15
15
17
12
13
15
18
17
21
34
121
126
124
125
25
26
16
201
31 round of counting
20
18
12
20
20
22
16
18
20
24
22
26
40
126
132
127
130
30
32
22
206
32 round of counting
9
8
5
9
9
10
7
8
9
11
10
12
19
62
65
63
64
14
15
10
102
33 round of counting
9
8
5
9
9
10
7
8
9
11
10
12
19
62
65
63
64
14
15
10
102
34 round of counting
44
40
25
44
44
49
35
39
44
53
49
59
93
309
323
314
319
69
73
48
509
35 round of counting
0
0
0
0
0
0
0
0
0
0
0
0
0
0
0
0
0
0
0
0
0
36 round of counting
44
40
25
44
44
49
35
39
44
53
49
59
93
309
323
314
319
69
73
48
509
