0 round of counting
38252
20767
5003
4586
26245
716187
14442
466396
31177
689549
16619
451191
8544
897103
67213
540162
63069
3406464071
21783
3421622163
54155
466821
1573625
487944
450017
1115195221
1465126
838846560
560320
1130501621
833941
947562942
263840
895638908
377677
191607627
246367
290155094
178192
210230187
1099085
265172150
1902770
253414886
2005589
764272674
13205102
262230565
2562238
17992349
13749089
2544374
1 round of counting
22823
24941
10857
10209
29552
455605
18987
297407
31528
434708
20956
338214
12879
627924
60805
363686
51941
2219779901
96500
2233536441
119915
303322
984637
317046
298049
658231196
954287
496500800
388147
667775917
560393
561154012
201229
528510348
277316
114161545
177850
171931100
154688
124458189
721992
156074364
1199271
150277632
1247936
482220190
8432133
165269446
1587442
11486714
8768326
1584855
2 round of counting
818
820
408
373
814
3716
651
3712
881
4915
647
3105
435
5827
1250
3796
1215
4031824
727
5432039
1049
3709
9642
3967
3947
4246625
9366
3083247
5977
4651738
6226
3251485
2806
2787537
3345
500120
2856
1024352
2594
588734
7603
865951
8528
801336
13924
2781472
74960
984208
10035
62375
50895
12705
3 round of counting
841
859
459
386
886
3786
620
3706
914
5054
627
3197
448
6107
1295
4022
1247
4144897
1226
4752169
1475
3736
11230
3782
4713
4444300
12096
2591020
5647
3976834
6983
3578779
2946
2977324
3632
593027
2687
999543
2304
507430
9626
829403
15561
667784
13766
3170325
57612
752360
15687
49593
42875
16140
4 round of counting
49
22
0
3
1
0
1
1
0
1
0
4
3
1
1
0
1
3875
388
2363
436
28
76
11
7
1404
473
1010
394
1606
422
1158
387
1196
408
272
45
342
109
212
61
361
84
301
121
1316
470
548
150
23
22
4
5 round of counting
1058
1141
631
630
1151
5022
940
5319
1240
6342
959
4440
744
8127
1766
5686
1676
10690187
872
6183033
1268
5269
11767
5632
5303
5790871
11359
3882891
5074
5081103
6977
4607001
3176
3744317
3681
917296
2988
1661022
2725
1063985
10312
1399168
12958
1189894
14968
3355281
74852
1115844
14620
89346
70621
15326
6 round of counting
6300
8209
2974
2749
11892
202016
6643
170473
13096
245333
7763
140816
4164
284122
28264
186010
25005
721489887
12316
723921106
25092
172314
555340
178462
168491
352085700
525351
257053576
213136
354623759
309648
292955659
103080
275580899
144134
58904010
94418
87789484
69330
65487729
410588
82679047
673560
77012182
699378
277454746
4511361
94894831
856492
6030501
4725177
865867
7 round of counting
63
15
4
1
2
4
1
5
0
1
2
5
0
0
4
0
3
273822
466
361202
542
29
108
14
3
33499
609
44432
546
68786
524
55350
586
53134
497
5705
38
5286
123
2934
65
4959
102
4456
94
29528
685
10668
174
58
65
4
8 round of counting
255
301
187
211
300
1717
309
1614
371
1384
322
1272
267
1596
510
1628
487
19726895
331
19237758
439
1666
1562
1687
836
2668855
1478
2243518
843
2627158
1152
2738842
648
2222528
667
530606
741
871038
622
521055
1797
662790
2120
762969
2116
755086
23925
264659
2549
37415
23837
2501
9 round of counting
258
295
185
180
315
1666
337
1631
374
1359
339
1251
280
1522
522
1653
499
19990890
421
19585426
541
1637
1572
1676
855
2717708
1742
2287537
1041
2704808
1399
2806402
779
2277844
814
536133
714
861657
657
517641
1933
667811
2154
764856
1910
788082
24062
271140
2524
36470
23146
2689
10 round of counting
0
0
0
0
0
0
0
0
0
0
0
0
0
0
0
0
0
271966
94
357162
68
5
32
0
0
31365
140
42857
106
66769
98
53936
82
50073
86
5351
8
5061
13
2430
9
4207
16
3889
8
28044
219
10052
12
20
33
0
11 round of counting
10214
11710
4627
4352
14215
226375
8727
133947
14543
210719
10053
174951
5903
327908
29754
172770
25058
1221826870
15826
1228669713
27794
136438
499590
144915
148888
341798993
474865
260403816
183014
346014823
272125
292839009
94542
277098727
132308
59495578
88996
89987968
67158
64569678
370850
81452826
610567
78893646
641502
243444323
4340459
83509117
821283
5914277
4492434
807450
12 round of counting
9549
11564
4864
4385
14296
227061
8794
134328
14838
207337
9971
173689
5711
322376
29617
172668
25617
1222897233
16071
1230282739
28379
137746
507181
147033
150999
343186672
477719
260580298
186394
348077674
267864
292376936
94366
276464420
132325
59885692
88537
90389130
67457
65137646
371097
81405876
608254
78544036
637813
242363972
4331862
82870228
820617
5895250
4473302
801183
13 round of counting
724
730
473
402
667
2328
561
2270
640
2169
574
1988
468
2095
793
2327
788
97648
864
127557
1106
2480
1569
2471
1138
41602
1543
25795
1235
29894
1320
25804
1137
24696
1185
9416
1052
11074
1152
8662
1458
11488
1720
10892
1631
26646
2381
11277
2006
2899
2694
2084
14 round of counting
17897
19328
6899
6062
26706
470466
14503
336844
28235
508844
16753
340015
8770
665278
60309
394365
52777
1998823638
27453
2006698124
52817
340918
1199149
356164
360820
775383590
1123609
574912690
447958
783193127
655445
651144600
216247
614495690
305489
132277109
201297
197628257
149369
145820825
870687
183327159
1440298
173630026
1521991
593980993
9951446
204003072
1891191
13442293
10435935
1878088
15 round of counting
15328
19275
7477
6561
27124
474689
14956
340935
29194
508489
17588
343044
9642
666840
61723
398044
54205
2000698748
27710
2005243056
53654
343801
1187055
359401
354848
773359851
1126798
575761268
448922
780930484
660201
653868154
218753
614124615
308000
132275858
204777
197642136
150325
145683640
872975
183651570
1444345
173943262
1533104
595516117
9950979
204182372
1890051
13469324
10472057
1893761
16 round of counting
972
1007
604
598
955
3898
845
3871
986
3362
840
3258
679
3529
1242
3841
1181
1475045
1157
1057328
1485
3876
2901
3992
1898
647791
2960
504048
2222
523589
2413
815523
1799
395421
1920
131210
1674
200259
1582
103328
3121
152994
3519
208916
3249
436511
11462
155360
4103
15220
12213
4030
17 round of counting
4597
7679
2226
2028
12376
245191
5912
204773
13792
301062
7356
168338
3357
342181
31519
223612
28281
777933948
11709
776446420
25992
205726
690251
211649
207483
433822460
652109
315998057
261639
436865111
385287
360676878
123561
339673737
175495
72464721
114830
107191513
82796
80886825
503598
102273194
831998
95104758
885779
353058712
5634879
121088434
1073947
7573707
5984096
1086424
18 round of counting
4920
8006
2453
2238
12804
247229
6362
206485
14129
302987
7737
169998
3581
344116
32231
225472
28761
778751803
12166
778010311
26248
207881
693268
213535
209448
434115272
653919
316130714
262820
437712177
387160
360932295
124937
339876981
176565
72975384
115867
107583229
84188
81096903
505348
102442012
836542
95285237
887665
353087666
5640162
121248270
1074544
7560604
5931685
1080093
19 round of counting
245
292
182
180
314
1558
286
1509
329
1356
279
1165
219
1290
437
1484
446
1413711
372
926302
454
1515
1877
1460
725
612338
1511
459493
830
511254
1133
816029
690
391317
767
121480
685
193867
575
100849
1709
153477
1710
198480
1645
421370
8857
142461
2121
11548
8828
1897
20 round of counting
1
0
0
0
0
0
0
0
0
0
0
0
0
0
0
0
0
165747
25
43213
44
2
1
0
0
7831
28
1065
10
10137
19
1956
11
1378
15
52
0
73
0
11
0
29
2
8
0
951
13
143
2
1
0
0
21 round of counting
2
0
0
0
0
0
0
0
0
0
0
0
0
0
0
0
0
0
0
41
88
7
1
0
0
0
0
2
0
0
0
0
1
2
0
1
0
1
0
0
0
0
0
0
0
0
0
0
0
0
0
0
22 round of counting
4
0
0
0
0
0
0
0
0
0
0
0
0
0
0
0
0
165980
25
44557
120
40
20
38
13
8011
27
1077
12
9984
23
1965
13
1425
16
57
0
82
2
21
0
25
0
14
0
961
12
146
2
1
0
0
23 round of counting
13009
11229
6356
6015
10561
47433
8243
36786
10356
37588
8502
47352
6836
49020
14034
44486
12313
43786001
28489
43085198
48057
40074
48379
40205
25046
10421172
59824
6759403
39172
9588265
45729
7680445
31015
7191090
33362
1560665
21665
2105129
21061
1722349
46273
1978293
55515
1908481
56473
14956014
284729
5069524
65518
365820
290492
59004
24 round of counting
0
0
0
0
0
0
0
0
0
0
0
0
0
1
0
0
0
910
0
916
0
0
0
0
0
274
0
203
0
282
0
234
0
220
0
48
0
73
0
53
0
67
0
63
1
201
4
69
1
4
4
0
25 round of counting
1251
2256
694
641
3642
88028
1968
63396
4281
93237
2247
57354
1155
123486
8996
73701
8744
452392587
3268
454252797
7712
63640
220294
65903
63012
155709659
205159
116545235
78305
157724592
116880
131819880
36624
124581011
52677
26677346
34195
40224554
24535
29299822
154790
37003797
266362
35195202
280979
111335743
1880756
38061180
357062
2567866
1970548
355639
26 round of counting
190
192
72
55
248
2399
115
539
222
1212
161
3305
78
4134
449
1651
279
2927457
290
2924513
466
579
3557
758
1402
971705
3847
694955
1747
979971
2502
812601
1052
715148
1448
190106
1073
244856
877
211943
3867
238798
4398
214593
4663
2241300
37682
766199
4962
49892
39534
4786
27 round of counting
2111
3802
1228
1108
6151
154337
3710
101308
7644
157021
4243
98342
2283
210246
15878
117858
15137
843050673
6314
847070501
13311
101903
371696
105994
106054
267526952
346293
201606114
132164
271262397
196518
227620026
62219
215162204
89087
45921602
58095
69750290
41975
50420543
259689
63571766
450147
60869935
474327
182719143
3155032
62608323
607569
4308140
3284143
602424
28 round of counting
24
40
8
8
120
508
24
508
120
3487
40
393
8
3271
339
694
339
8818458
48
8524550
259
508
12548
508
3577
8124202
11680
5830530
4577
8169274
6938
6669602
1955
6303698
2835
1337739
1789
1957798
1163
1498089
8864
1906818
14737
1746760
16090
6720606
101829
2304365
18757
138705
108765
19017
29 round of counting
841
1788
376
397
2792
76356
1564
53858
3281
77846
1573
47480
1114
71192
7789
57143
7057
113732211
8864
116996615
10834
53129
179401
54393
51449
100790688
176893
73318893
68015
102115632
101502
83538643
33945
79224054
44657
17294867
28955
24664412
20177
18765214
120969
23962335
196403
22306974
223152
86248461
1327061
30235152
258483
1830021
1448637
268821
30 round of counting
0
0
0
0
0
0
0
0
0
0
0
0
0
0
0
0
0
0
0
0
0
0
0
0
0
0
0
0
0
0
0
0
0
0
0
0
0
0
0
0
0
0
0
0
0
0
0
0
0
0
0
0
31 round of counting
0
0
0
0
0
0
0
0
0
0
0
0
0
0
0
0
0
0
0
0
0
0
0
0
0
0
0
0
0
0
0
0
0
0
0
0
0
0
0
0
0
0
0
0
0
0
0
0
0
0
0
0
32 round of counting
0
0
0
0
0
0
0
0
0
0
0
0
0
0
0
0
0
0
0
0
0
0
0
0
0
0
0
0
0
0
0
0
0
0
0
0
0
0
0
0
0
0
0
0
0
0
0
0
0
0
0
0
33 round of counting
0
0
0
0
0
0
0
0
0
0
0
0
0
0
0
0
0
0
0
0
0
0
0
0
0
0
0
0
0
0
0
0
0
0
0
0
0
0
0
0
0
0
0
0
0
0
0
0
0
0
0
0
34 round of counting
0
0
0
0
0
0
0
0
0
0
0
0
0
0
0
0
0
0
0
0
0
0
0
0
0
0
0
0
0
0
0
0
0
0
0
0
0
0
0
0
0
0
0
0
0
0
0
0
0
0
0
0
35 round of counting
0
0
0
0
0
0
0
0
0
0
0
0
0
0
0
0
0
0
0
0
0
0
0
0
0
0
0
0
0
0
0
0
0
0
0
0
0
0
0
0
0
0
0
0
0
0
0
0
0
0
0
0
36 round of counting
0
0
0
0
0
0
0
0
0
0
0
0
0
0
0
0
0
0
0
0
0
0
0
0
0
0
0
0
0
0
0
0
0
0
0
0
0
0
0
0
0
0
0
0
0
0
0
0
0
0
0
0
