0 round of counting
745522
123807
418766
463307
8834
9031
17153
13140
23306
50081
63933
63221
80423
96389
97751
835466
3508060
16778837
75085790
444433640
66127879
422541
405304
405253
401577
42608237
42136425
2403646
351975
342202
41912053
151782131
10629320
39034418
1 round of counting
712767
119751
398712
456372
13657
13140
20292
16262
25722
51397
65132
62985
77502
96521
99363
823522
3441456
15416164
98764715
987912251
120263560
406595
426105
415514
404242
38930404
38169089
2373448
353645
340042
43749069
236740995
10184506
59777082
2 round of counting
1416
655
672
1279
427
448
503
452
440
509
613
501
493
507
608
1281
2412
5269
5466
284348
42382
714
959
973
553
8118
2191
1405
902
553
2514
83057
1679
36866
3 round of counting
1160
621
537
998
426
434
421
439
453
522
630
496
485
521
630
1309
2576
5193
5832
295216
45857
742
931
919
562
7555
1952
1397
832
535
2582
81730
1630
22921
4 round of counting
11
1
0
0
0
0
0
0
2
0
0
0
0
0
0
0
0
1
0
8
4
2
1
4
1
6
2
0
0
0
3
13
0
1
5 round of counting
1501
1017
775
1747
640
639
620
655
624
669
897
688
682
773
913
2945
5573
47469
636396
11685496
999617
1359
1485
1350
734
218135
201112
6640
1296
826
256309
1913977
19751
373273
6 round of counting
241278
41855
138637
155859
4252
4411
7285
5918
9170
18213
23189
22688
28111
33551
34227
278711
1152552
5459746
27773413
179706871
24971986
142658
140424
141253
137774
14141924
13947042
813967
121759
116024
15201793
57086344
3590087
14377629
7 round of counting
7
0
0
1
0
0
1
0
0
0
0
0
0
0
0
0
0
1
3
18
12
5
3
1
1
10
7
1
1
0
3
12
0
1
8 round of counting
367
216
332
555
196
179
234
194
182
193
257
193
188
186
252
856
2997
39567
629792
11398131
958407
477
883
429
224
206863
199464
4417
1119
245
251403
1822714
15306
351822
9 round of counting
1215
209
224
538
195
170
166
187
175
179
264
183
186
194
250
809
2449
37744
630694
11430982
957292
478
916
416
202
205799
199645
1195
1138
226
250265
1814691
15170
350591
10 round of counting
0
0
0
0
0
0
0
0
0
0
0
0
0
0
0
0
0
0
0
2
0
0
0
0
0
1
0
0
0
4
0
1
0
0
11 round of counting
203171
40383
116028
133373
6263
6629
8456
8502
10366
17898
22745
21271
25076
30687
31762
229244
915077
4238953
23231132
117281085
17925216
123887
122847
123127
118123
10525688
10242710
674600
109350
102653
13834903
45012256
3234531
11787984
12 round of counting
207178
40616
117788
136349
6499
6747
8529
7928
10444
18168
22424
21474
24939
31098
32178
236960
954080
4249864
23705704
115523376
17774828
122059
121692
122219
119402
10499542
10221042
673470
107522
100331
13929205
45527258
3215237
11821039
13 round of counting
854
498
420
820
375
390
396
416
400
420
549
415
400
407
527
1001
1759
3334
2154
325286
46752
514
792
700
449
4798
885
833
641
435
821
93382
649
25099
14 round of counting
488532
88381
277958
315515
9884
10398
15843
13165
19983
38512
48550
47030
56764
70306
71472
560440
2295705
10410994
53806835
292962346
44196735
286201
280258
280793
276331
26061672
25577696
1596811
244530
234201
30739978
106303504
7477325
27529167
15 round of counting
488507
87940
278151
314638
10272
11092
16110
13728
20403
38962
48786
46607
57326
69623
71349
552767
2256491
10514254
54316020
304331357
45072669
286764
282260
281799
273845
26245991
25710311
1598672
244533
234173
30950495
108142831
7468145
27946530
16 round of counting
1211
876
671
1374
603
611
584
590
581
614
794
587
583
567
746
3373
4171
40327
627666
11062842
905347
877
1188
1088
614
151016
138636
1934
1027
623
203096
1886148
15444
370284
17 round of counting
280956
47543
160175
179037
3647
4097
7261
5648
9748
20303
25572
25361
31563
38622
39140
321818
1331347
6189511
30084080
178056652
26357214
164192
159045
159235
156734
15601227
15364223
925837
137997
134079
16791975
60731361
4203202
15711921
18 round of counting
281096
47764
160397
179659
3813
4171
7412
5981
9881
20421
25802
25546
31778
38806
39361
322707
1333584
6218764
30685681
188287871
27274173
164708
159654
159683
157009
15749234
15501508
926841
140157
135292
16964771
62545480
4213320
16057957
19 round of counting
416
215
204
474
192
180
169
182
167
181
251
192
184
196
241
624
3270
37628
625176
10686749
884736
373
893
415
226
143959
135950
1185
426
232
202923
1787630
12051
346616
20 round of counting
1
0
0
0
0
0
0
0
0
0
0
0
0
0
0
0
1
8
3
70
55
2
1
0
1
0
0
0
0
0
0
1
0
0
21 round of counting
0
0
0
0
0
0
0
0
0
0
0
0
0
0
0
0
0
1
21
10
115
11
0
0
3
0
0
1
0
0
12
0
0
0
22 round of counting
1
1
0
0
0
0
0
0
0
0
0
0
0
0
0
0
0
1
11
61
207
13
1
0
3
0
0
0
83
65
48
19
45
0
23 round of counting
22382
10947
11671
19020
6512
5727
5815
6303
6570
7264
9436
6911
7072
8367
9715
26084
64608
190295
2458240
12665975
1775059
13141
17791
18827
12874
281095
152381
49879
16254
12906
1718842
5265678
308473
1407112
24 round of counting
0
0
0
1
0
0
0
0
0
0
0
0
0
0
0
1
1
6
40
411
49
0
1
0
0
16
15
1
1
0
18
97
4
25
25 round of counting
94261
15427
53848
59990
1182
1268
2225
1890
3065
6581
8276
8174
10532
12660
12864
107725
452228
1992444
9237409
44128005
7072139
54901
53120
53134
52510
5058332
5004658
310597
44970
43609
4986253
17725681
1250450
4565945
26 round of counting
1639
504
814
995
129
123
130
140
125
195
245
215
179
313
313
1291
3570
15560
368070
914576
182750
964
1144
1115
982
16405
8856
5568
1195
1059
262939
646792
47235
175611
27 round of counting
171704
28419
98949
109754
2318
2206
4045
3247
5537
11965
15115
14998
19161
23083
23406
196930
825790
3718548
16646406
73276721
12119683
101542
96169
96164
95324
9449645
9342621
569706
82385
79900
9398202
31419773
2352719
8075972
28 round of counting
4
5
6
3
3
0
0
2
2
2
2
2
2
2
2
5
16
24
41984
5118632
528520
3
3
3
6
32
32
12
3
6
39
654007
23
160965
29 round of counting
301078
40580
168132
183170
820
811
4367
1217
6148
16006
21246
20954
27967
34395
34379
349438
1544418
6880140
49516355
690222534
77256610
160443
169863
170234
169138
17748929
17593303
998629
145073
149390
17553691
135896702
4084025
33673457
30 round of counting
0
0
0
0
0
0
0
0
0
0
0
0
0
0
0
0
0
0
0
0
0
0
0
0
0
0
0
0
0
0
0
0
0
0
31 round of counting
0
0
0
0
0
0
0
0
0
0
0
0
0
0
0
0
0
0
0
0
0
0
0
0
0
0
0
0
0
0
0
0
0
0
32 round of counting
0
0
0
0
0
0
0
0
0
0
0
0
0
0
0
0
0
0
0
0
0
0
0
0
0
0
0
0
0
0
0
0
0
0
33 round of counting
0
0
0
0
0
0
0
0
0
0
0
0
0
0
0
0
0
0
0
0
0
0
0
0
0
0
0
0
0
0
0
0
0
0
34 round of counting
0
0
0
0
0
0
0
0
0
0
0
0
0
0
0
0
0
0
0
0
0
0
0
0
0
0
0
0
0
0
0
0
0
0
35 round of counting
0
0
0
0
0
0
0
0
0
0
0
0
0
0
0
0
0
0
0
0
0
0
0
0
0
0
0
0
0
0
0
0
0
0
36 round of counting
0
0
0
0
0
0
0
0
0
0
0
0
0
0
0
0
0
0
0
0
0
0
0
0
0
0
0
0
0
0
0
0
0
0
