0 round of counting
49070
32955
40251
44196
1385787726
33551
40332
28251
28405
39441
40240
65344
50976
90350
782594097
306558796
42094
81790
143471
189162
2170977
1276005
3833784
13157892
208579794
43527908
463232316
669083550
129960297
130047284
99294304
132862243
157491
124022
3467705
1239148
1466389574
1502472191
1 round of counting
53500
34236
41060
41694
956771529
88220
45167
26256
27117
36878
37319
64077
49276
82111
530229546
175808913
64944
77407
146790
188335
2043318
917747
3351253
13535652
189337405
38353194
398605902
641044165
76294270
77389922
58559875
88474062
165005
122287
2349569
1053674
1509506561
1551820954
2 round of counting
741
846
1138
1210
2259333
532
1153
745
719
1107
1099
1559
1242
884
2753330
2367621
787
918
1192
1212
7859
8978
17242
31586
678373
189368
1724193
1887257
877616
1055695
754586
702224
1076
1066
29091
6365
2021822
2028979
3 round of counting
1096
838
1178
1189
2612841
1046
1167
764
725
1118
1082
1584
1208
883
2824048
2793853
1010
947
1215
1271
10189
10148
23871
36920
735694
189736
1840811
1982275
938671
1053358
870401
1025137
1109
1077
30261
6338
2161272
2275809
4 round of counting
357
11
22
12
1348
642
55
10
8
5
8
0
0
0
794
1210
221
31
44
12
11
13
4
12
62
54
593
955
648
157
107
66
37
9
12
18
1177
1758
5 round of counting
967
1106
1467
1593
4700042
635
1481
958
992
1438
1439
2049
1622
1138
4256480
3785404
959
1168
1489
1593
13296
13447
30412
56981
1423282
274693
2829088
3151910
1381297
1542049
1195092
1323918
1393
1424
37599
7700
4225904
4252142
6 round of counting
10436
11148
14661
16531
312464377
12964
15520
9790
9896
14598
14993
22502
18970
25991
201933467
106431940
14687
23437
40129
47020
592914
398111
1088280
3306364
58823730
12390461
135934105
180436869
44864137
44454863
34080318
41172765
37967
32932
1077946
304608
341419889
348431989
7 round of counting
369
16
26
10
20135
587
85
18
11
2
21
5
3
4
7561
7755
249
32
48
10
101
16
104
151
13483
76
1476
11238
6855
2096
1275
871
39
4
18
16
14737
17918
8 round of counting
222
239
354
360
2317398
228
361
230
227
357
394
508
376
267
1653535
1011714
283
288
364
367
2817
4494
6153
19734
479199
99187
1171293
1346971
469807
489481
361396
441631
298
326
7621
1370
2195729
2261551
9 round of counting
243
250
388
389
2351050
316
392
244
238
368
372
522
390
278
1702150
979156
315
294
369
390
3196
3942
6299
17671
466169
107359
1134396
1394898
469820
470048
359825
413904
341
330
7797
1377
2192044
2310778
10 round of counting
13
5
0
0
19027
76
4
0
2
0
0
0
0
2
8442
7261
21
2
3
1
72
6
83
149
13069
17
1253
9511
6310
2330
1429
815
3
0
4
3
13877
16711
11 round of counting
15494
14344
18564
19224
304897182
15552
18504
11905
12128
16978
16819
25622
21024
29047
186020845
88741374
18256
25285
42500
50438
596854
353289
1065551
3480950
56937384
11930480
127765003
180529798
37219985
37323927
28617713
35609349
44257
35471
954334
297962
369783269
378346594
12 round of counting
15216
14266
18335
19384
305507213
16005
18577
11686
12079
16778
17162
25269
21212
29158
185936119
88542943
18260
25251
42475
50149
592935
352534
1058535
3472730
56873784
11911108
127898929
180457669
37197220
37246647
28448324
35527111
43930
35594
953809
297105
369614678
377834881
13 round of counting
1180
767
909
925
1145324
876
899
611
613
852
831
1100
902
666
1121251
1119603
894
718
852
831
4727
5000
8643
13781
439068
97122
1141778
1139611
563039
573254
440479
484019
777
780
10360
2452
1126672
1122478
14 round of counting
25343
25859
32869
35790
696882228
26851
33694
21454
22246
31681
31733
48969
40943
59859
435892280
216127058
32912
52106
88895
105569
1322259
831967
2395085
7578059
128279070
27055556
291780573
402523150
90003206
89975587
68825178
84323554
94948
73784
2221615
662230
793731842
812906871
15 round of counting
28512
27046
39543
37688
699270203
34569
36174
22628
23232
32595
33022
51151
42777
60964
437967880
215607639
33849
53562
89324
106941
1328094
844681
2407430
7609199
128927917
27155861
292437681
404542557
91019136
91006536
69654695
85182611
89558
75042
2258295
670606
796860943
814220091
16 round of counting
1296
961
1296
1274
2231997
1187
1327
854
851
1209
1230
1673
1308
959
2078064
2059855
1144
1068
1257
1230
7883
8258
14390
23782
776969
191140
2041977
2062332
1029902
1042472
760701
824130
1089
1124
19322
3816
2134461
2198991
17 round of counting
10523
11676
15818
17819
392854715
12085
16290
10326
10673
15466
15828
24527
20845
31254
251337903
127491255
15163
27391
46308
56445
731406
480870
1340691
4122823
71871483
15233754
164936139
222998462
53404766
53401159
40801984
49336680
45639
38822
1298267
372327
426893610
436132112
18 round of counting
10518
11996
16230
18251
393853122
13193
16868
10664
10890
16148
16439
25130
21013
31807
252418763
127081615
15840
27923
46885
56649
735111
485672
1346379
4140486
72249055
15310642
165800448
224014985
53846217
53810240
41146081
49724299
46238
39208
1304717
373457
427897740
437243625
19 round of counting
258
240
375
367
1085572
298
358
233
223
366
359
508
378
273
932911
957613
310
282
356
374
2778
4347
7641
10385
333456
83359
889518
911060
434119
425058
346954
379115
337
321
6517
1336
1034959
1032256
20 round of counting
12
1
0
0
1305
55
3
0
0
0
0
0
0
0
657
645
44
3
0
0
2
1
2
3
219
0
396
668
346
5
0
7
0
0
0
0
442
741
21 round of counting
31
1
1
2
0
71
23
2
0
8
7
8
0
0
6
79
89
15
3
0
2
2
2
1
5
3
6
83
89
18
0
0
0
0
0
0
0
80
22 round of counting
40
1
1
2
739
127
19
1
3
2
2
1
3
0
1094
766
126
21
3
8
4
8
5
6
220
9
427
782
431
21
5
5
12
6
6
5
424
794
23 round of counting
26048
11608
14194
13021
8205855
25005
15740
8398
8041
11503
11535
15211
12649
10895
8114119
7407257
20524
10259
11919
10900
63260
35853
95915
287736
4905179
1043505
11452325
15746482
3210829
3300084
2736482
2927876
12300
9921
87080
26936
29065317
29644611
24 round of counting
0
0
0
0
402
0
0
0
0
0
0
0
0
0
221
73
0
0
0
0
1
1
1
6
80
16
167
267
32
32
23
37
0
0
1
1
629
650
25 round of counting
2541
2878
4521
5065
111163426
3023
4561
3025
3037
4628
4564
7195
5769
7761
73325933
43545779
3974
6837
10934
12875
173082
141703
345867
842592
17586509
3827936
42500839
50781770
17388903
17394603
13293655
15386723
9949
9316
419744
102816
88462051
89963583
26 round of counting
269
177
186
175
4032
190
198
82
98
114
112
158
173
252
3124
2583
208
158
344
309
4198
980
6471
29074
354696
69136
704967
1310315
17753
17768
15365
18755
401
225
1024
572
3083091
3274098
27 round of counting
4141
4743
7355
8358
167034802
4962
7588
4789
4854
7504
7491
11985
9561
12037
114320561
71087427
6557
11150
17757
20952
283401
236559
563873
1355858
28866638
6298336
70036992
82898229
29010141
29019016
22163672
25475242
15910
15205
680977
163538
139046860
141310703
28 round of counting
6324
7250
7954
8534
649771661
12308
7940
7569
7586
7304
8463
14317
9938
37113
287293032
4708060
12953
32691
64885
96024
911253
241891
1368296
7082726
80915583
15748265
154892258
300069148
4457376
4505989
3591167
22045859
85213
56213
559444
523242
835049854
860328456
29 round of counting
5594
6683
4819
5642
426232997
14259
5915
3281
4043
4345
4849
17408
10434
28301
215569231
35952815
15986
30560
70970
100418
1050677
361400
1601811
7629942
95525636
18819833
190279030
341143308
17964689
18412017
13578573
32029029
89598
60153
816860
545580
889846458
916590780
30 round of counting
443
801
510
600
80062969
1915
496
485
485
397
588
2549
1087
4107
34493781
671
2000
4993
12130
18020
165266
42267
256398
1337400
15036606
2926322
28706545
55896897
669533
678469
505529
4008835
16013
10482
102903
97308
156202951
160931157
31 round of counting
1064
1564
1386
1431
147639711
3034
1369
1330
1330
1207
1414
3893
2129
7885
63192448
351534
3279
8087
18051
26766
249296
63902
381202
1985455
22430993
4362715
42819716
83386101
1015537
1029076
811129
6043814
24085
15647
154318
146718
235476020
242609555
32 round of counting
170
207
182
227
20395887
418
180
176
176
176
225
476
280
1153
9342052
224
424
1107
2400
3572
33268
8408
50610
265535
2985222
579703
5680425
11129785
96059
97839
72354
751578
3118
2077
19596
18997
30766010
31700531
33 round of counting
170
207
182
227
20395887
418
180
176
176
176
225
476
280
1153
9342052
224
424
1107
2400
3572
33268
8408
50610
265535
2985222
579703
5680425
11129785
96059
97839
72354
751578
3118
2077
19596
18997
30766010
31700531
34 round of counting
1677
2572
2078
2258
248098567
5367
2045
1991
1991
1780
2227
6918
3496
13145
107028281
352429
5703
14187
32581
48358
447830
114577
688210
3588390
40452821
7868740
77206686
150412783
1781129
1805384
1389012
10804227
43216
28206
276817
263023
422444981
435241243
35 round of counting
0
0
0
0
0
0
0
0
0
0
0
0
0
0
0
0
0
0
0
0
0
0
0
0
0
0
0
0
0
0
0
0
0
0
0
0
0
0
36 round of counting
1677
2572
2078
2258
248098567
5367
2045
1991
1991
1780
2227
6918
3496
13145
107028281
352429
5703
14187
32581
48358
447830
114577
688210
3588390
40452821
7868740
77206686
150412783
1781129
1805384
1389012
10804227
43216
28206
276817
263023
422444981
435241243
