0 round of counting
75282
156303
31453
37803
17618
3013413777
3013536490
3013343535
3013436209
3013483178
161409
3013381364
3013257615
2503890357
2544173522
2271963554
2272575490
2543719846
2792707255
2666888423
2235313346
2310220149
2879962905
3012939640
3007601560
3008291666
3017468575
3007600897
2193720212
2923705855
3012992518
3009059188
3009451636
3008220180
3008308382
1 round of counting
48745
101041
40690
28601
18495
1348894948
1347684648
1349913637
1347274821
1349642994
119896
1350720151
1364888429
1123935723
1141163889
1025967701
1028159620
1139383017
1252375357
1198144991
1003469724
1040356809
1289314770
1349774705
1359324584
1341978282
1347414320
1348875200
984952977
1316711911
1351134361
1343343967
1345882164
1373263753
1343931305
2 round of counting
550
538
1193
454
414
5097
3947
2593
2646
2510
536
2888
2179
2587
2246
2211
2789
2833
2513
2323
2125
3871
3100
3133
2432
1491
2369
2338
1801
4202
2746
2923
2862
3442
2969
3 round of counting
742
642
1291
468
422
5075
3293
3995
4177
4422
870
4141
5042
4466
7127
2900
2945
4166
4600
2969
6717
5344
4436
6615
4690
2410
4243
3628
2677
4958
3542
4924
4052
5219
3857
4 round of counting
148
44
9
3
1
378
825
714
659
703
346
344
702
636
415
695
569
403
644
630
460
373
616
619
669
657
656
694
830
770
570
609
723
693
754
5 round of counting
690
775
1686
631
584
24578888
24474692
24698242
24625522
24804364
1121
24677137
24699153
19797913
20141709
18556658
18569842
20109970
22797111
21807613
18220159
18746005
23467506
24685263
24688067
24725503
24732913
24670582
17950976
23927635
24694194
24724165
24768417
24658473
24782407
6 round of counting
19324
47151
13675
12151
6693
828465190
828449600
829407692
830102508
830300158
50200
830403704
829426545
687822980
700528005
628897558
626287757
699648635
769187796
735340512
613690062
637558033
792908376
829283265
826727222
824966826
828299117
827375868
604666162
806426433
829070791
826769023
827682507
827248354
827895586
7 round of counting
189
53
11
0
2
2034
1840
1687
1910
1778
312
2174
2567
1582
2321
1211
1827
2954
1756
2181
3774
1092
1789
1436
1208
3037
2446
2809
875
1017
3006
2958
2518
2970
3323
8 round of counting
191
216
519
186
188
24590492
24492769
24694157
24627558
24813451
763
24686696
24709375
19796079
20146067
18568640
18579376
20112590
22786953
21814951
18233554
18786440
23474195
24703286
24695593
24735874
24739902
24675842
17970302
23940459
24705225
24739050
24773692
24662890
24797098
9 round of counting
197
243
490
197
192
24598046
24499871
24704763
24632041
24811133
904
24681653
24700126
19805887
20139156
18567009
18589536
20107660
22789671
21808762
18234055
18750769
23465438
24703862
24695546
24748781
24748226
24674751
17950379
23931999
24703355
24737760
24776973
24663083
24797298
10 round of counting
11
5
3
0
1
194
483
1505
1413
574
53
559
465
297
342
138
918
1132
3751
663
303
295
594
2273
3720
569
1742
647
430
591
1566
1969
741
603
482
11 round of counting
20320
43608
23052
14211
8206
504524605
504269667
504167851
504602353
504710533
40607
504843438
504682614
419863278
426329028
381458360
381438566
426028823
467971518
447251665
375007968
387536237
482700358
504675870
503903718
501835384
504142748
503730813
368673022
490060735
504758793
501998107
502262399
501974812
501836506
12 round of counting
20316
43547
18568
12606
7961
504734423
504706250
504470581
504151782
504386379
41125
504760541
504773766
420167815
426142766
381353076
381711812
426114696
467764675
447209561
375426377
387100484
482495077
504781494
503667844
501979373
504453967
503392123
368357364
489913119
504725243
501923985
501798465
501857707
501856459
13 round of counting
605
549
1070
439
411
3214
2845
2447
2418
2813
704
1941
3138
2837
1775
2145
2529
1762
2239
2282
2428
3379
2464
2387
2496
2360
2904
1700
1794
3376
2906
1982
2205
2379
2044
14 round of counting
42722
102626
30978
26268
14707
1547063673
1547206014
1546962772
1546974088
1546144583
102673
1546640907
1547165847
1288064953
1308708102
1167565310
1169760963
1306709571
1435264009
1370630218
1149084634
1189419424
1478587492
1546934570
1544432255
1540855568
1546215744
1543025663
1129128266
1502140476
1545991318
1541814102
1542338091
1541308518
1541292828
15 round of counting
43655
103112
31671
26734
14971
1559053680
1558519561
1559110258
1559618599
1559599178
102765
1559672922
1559410744
1296004983
1317192739
1177393549
1177153903
1316554179
1445876454
1381522890
1157233744
1197083133
1490988604
1559528703
1555490315
1552511557
1559448399
1556243486
1136736255
1512960429
1558479201
1553727870
1554577466
1553730809
1553700737
16 round of counting
816
753
1510
595
579
12261867
12160472
12318902
12199310
12340835
1541
12262778
12277610
9145387
9397685
8701658
8700032
9379337
10836579
10867915
8478707
8554192
11695810
12278161
12278516
12286917
12300285
12294095
8153850
11553152
12271744
12178773
12288621
12254451
12288891
17 round of counting
22970
59662
13161
14089
6922
1042208552
1042907512
1042759643
1042773276
1042615489
60115
1042410417
1042013967
867859645
881699956
786311022
786995346
881753009
966556722
922568144
775103473
799953606
996630653
1042508203
1039971686
1038844594
1042607086
1039507245
759874860
1012159029
1042406516
1039778692
1039567994
1039700534
1039959985
18 round of counting
23203
59892
13809
14445
7212
1055578648
1055349852
1054422833
1054844238
1054956231
61199
1054951356
1054831804
876552004
890838848
796041085
796026455
890584337
977744748
933858555
782306391
809319307
1008331758
1054703479
1051890025
1050818260
1055119915
1052240533
768139138
1023201510
1054330718
1052305932
1052467634
1052116802
1052076864
19 round of counting
212
211
475
196
189
12285573
12203697
12302927
12210310
12340130
812
12305630
12317587
9141324
9374740
8610252
8672955
9356399
10888681
10914311
8387776
8638351
11442432
12312208
12310326
12321859
12323524
12300197
8386922
11407641
12306151
12208856
12325041
12278969
12321017
20 round of counting
6
0
0
0
0
320
355
359
361
354
197
163
356
330
330
514
324
327
348
336
266
319
349
355
357
355
357
356
284
363
368
354
607
454
396
21 round of counting
10
1
0
0
0
0
95
71
86
96
60
22
90
95
72
100
86
83
94
89
69
90
88
63
80
80
90
74
84
104
71
79
94
81
77
22 round of counting
16
1
0
0
0
323
410
442
441
441
255
188
621
702
403
387
382
412
413
418
351
385
426
439
429
437
427
432
338
432
442
419
418
415
416
23 round of counting
12204
14183
17028
7160
6408
5805177
5640790
5616167
5539570
5253599
20143
5521797
5938893
4825038
4774598
4242705
4492837
4574099
4781692
4884411
4232505
4306524
5059656
5256599
5390943
4545313
4511985
5333804
4345702
5309322
5153362
4524775
5206198
4996788
4573874
24 round of counting
0
0
0
0
0
564
582
569
565
565
0
565
568
480
488
442
429
510
536
507
439
439
555
579
572
569
589
574
412
552
567
561
563
562
562
25 round of counting
4375
10686
3240
2996
1536
196616923
196639312
196585927
196610694
196625486
13881
196594698
196607816
163389836
166000223
148267187
148335291
165959461
182151251
174018642
145904905
150777925
187869149
196570408
196073913
196699246
197615183
196132942
143112392
190728661
196551941
196225230
196288702
196084977
196102987
26 round of counting
410
931
378
204
149
637110
634530
638759
637530
636364
417
647243
644974
571907
575889
533638
532906
577243
614725
594074
525835
539786
627443
649916
684498
520725
538735
695159
558058
636034
645048
539695
544578
535486
533458
27 round of counting
6246
14165
5760
4854
2550
200431198
200475366
200398873
200434003
200452421
28360
200417000
200403086
166732133
169431243
151333271
151503608
169312550
185663550
177538564
149047098
154008744
191564713
200375807
198746938
199159262
201627665
198720230
145205814
194410487
200308371
199228013
199326621
199007634
199024638
28 round of counting
3
32
6
3
2
78508
78508
78508
78508
78508
4
78508
78508
70788
71164
65616
65616
71164
76544
72296
65256
65976
77328
78508
78508
78508
78508
78508
64896
77720
78508
78508
78508
78508
78508
29 round of counting
10171
26633
5643
6304
3144
511111639
503006081
507651218
522624142
519134949
30401
519128202
522079868
411450882
434900159
406660575
395426612
430689808
489657430
468144658
380199329
401111743
501571327
524623747
520277048
492716865
506025339
522263273
383235986
505976081
510060654
501669842
514083810
503706670
515213208
30 round of counting
0
0
0
0
0
0
0
0
0
0
0
0
0
0
0
0
0
0
0
0
0
0
0
0
0
0
0
0
0
0
0
0
0
0
0
31 round of counting
0
0
0
0
0
0
0
0
0
0
0
0
0
0
0
0
0
0
0
0
0
0
0
0
0
0
0
0
0
0
0
0
0
0
0
32 round of counting
0
0
0
0
0
0
0
0
0
0
0
0
0
0
0
0
0
0
0
0
0
0
0
0
0
0
0
0
0
0
0
0
0
0
0
33 round of counting
0
0
0
0
0
0
0
0
0
0
0
0
0
0
0
0
0
0
0
0
0
0
0
0
0
0
0
0
0
0
0
0
0
0
0
34 round of counting
0
0
0
0
0
0
0
0
0
0
0
0
0
0
0
0
0
0
0
0
0
0
0
0
0
0
0
0
0
0
0
0
0
0
0
35 round of counting
0
0
0
0
0
0
0
0
0
0
0
0
0
0
0
0
0
0
0
0
0
0
0
0
0
0
0
0
0
0
0
0
0
0
0
36 round of counting
0
0
0
0
0
0
0
0
0
0
0
0
0
0
0
0
0
0
0
0
0
0
0
0
0
0
0
0
0
0
0
0
0
0
0
