0 round of counting
10898155
10918939
10955068
10949633
10951510
10885693
976350017
955700436
977329405
957591860
955588858
955521052
68104581
68103665
1 round of counting
44039115
44575765
44172799
43885315
43651088
43755696
788084257
708636116
740874559
885144968
708659185
713651590
82024807
81895205
2 round of counting
414
570
504
119
245
254
1013319
2265
964519
120656
6068
4509
1136
954
3 round of counting
1104
1323
1188
765
878
910
823593
6441
877922
73245
10181
5601
1457
2193
4 round of counting
676
778
662
657
668
663
5296
3486
5071
3613
3514
3477
1076
951
5 round of counting
7468
870
1092
876
1037
910
3899998
2675441
3911342
2842575
2696697
2709672
220590
217383
6 round of counting
8194416
8206242
8219241
8239387
8242578
8216694
333270454
322650959
334088672
323718158
324559057
323172340
27616440
27789429
7 round of counting
1398018
1408279
1425742
1393729
1420567
1387253
2319859
2343167
2335520
2330121
2357624
2347194
1466887
1455407
8 round of counting
145203
156743
141737
144709
150250
145559
5555234
5266779
5600354
5291787
5291186
5280727
553701
546661
9 round of counting
1553727
1554022
1554412
1554246
1554282
1553727
7962361
7612559
7978242
7656943
7629531
7633457
2036057
2033656
10 round of counting
1407578
1420768
1416812
1418416
1407264
1424931
2340957
2330550
2332418
2346485
2340861
2332611
1469287
1467652
11 round of counting
1567950
1579731
1589364
1584044
1583945
1565901
284696099
268276905
284709694
275423172
274142986
273968961
17012817
17044271
12 round of counting
1567530
1580223
1588045
1583480
1583476
1565686
283494789
269337809
285024145
271234579
268946862
270094370
16469242
16414372
13 round of counting
1029
1132
1073
819
823
802
686239
5834
713130
95204
8335
5705
1073
1141
14 round of counting
7701099
7729526
7753998
7747623
7747500
7702354
692388735
670086976
693207155
673174376
669271389
675068597
46663397
46668880
15 round of counting
7788841
7814905
7840246
7832680
7833632
7786328
696730396
674687268
697972140
676753551
674767971
677179424
47021653
46896884
16 round of counting
87844
86079
86228
85041
84880
86360
5263405
4219587
5277738
4362924
4222284
4227858
409443
408632
17 round of counting
6135557
6151439
6167297
6165796
6165754
6137590
409314161
400628517
410241850
401447825
400678348
401714312
29711553
29709522
18 round of counting
6221475
6235002
6251517
6249217
6249953
6221097
414643317
405163248
414827182
405545092
404598958
405072666
30145671
30119614
19 round of counting
87612
85606
85584
84131
85564
87090
4581457
4222812
4604880
4277640
4214895
4207321
408623
408328
20 round of counting
350
170
106
112
107
92
3832
4011
3588
4317
3857
3463
376
244
21 round of counting
1
2
0
0
0
0
801
35
2147
35
0
0
0
0
22 round of counting
418
351
139
137
130
148
3492
3867
5126
4671
3481
3466
348
257
23 round of counting
87704
113431
109159
100133
97947
98001
57569492
41676290
60001396
43674624
42419248
42625821
2575934
2593954
24 round of counting
18
18
18
18
19
18
315
297
313
298
296
299
35
34
25 round of counting
1554593
1556616
1558667
1557737
1558045
1554667
49183362
46524237
49310981
46788037
46521068
46512540
4331793
4331945
26 round of counting
323
609
604
534
475
219
4307012
4122720
4386701
4182239
4088916
4167713
178591
185690
27 round of counting
1555769
1559622
1563602
1562174
1562636
1555870
97818588
93141916
97994628
93599147
93142386
93130503
7129217
7129443
28 round of counting
6214093
6225379
6246289
6247637
6247181
6214093
523219795
523952542
522489365
523493118
523833689
523811733
37394826
37393085
29 round of counting
36649423
36784499
36952665
36961357
37236984
37439357
218944537
216860142
221613790
218174896
219832182
220095387
47150922
46917520
30 round of counting
374
3740
10644
11042
10912
374
168078616
168369778
167847286
168213296
168325724
168316626
10220658
10220154
31 round of counting
386
3817
10778
11204
11064
386
169259704
169603124
169023766
169440777
169559341
169550573
10280636
10280126
32 round of counting
165
665
1109
1237
1193
165
5875873
5909748
5864220
5902518
5909350
5909897
340008
339983
33 round of counting
165
665
1109
1237
1193
165
5875873
5909748
5864220
5902518
5909350
5909897
340008
339983
34 round of counting
925
8222
22531
23483
23169
925
343214193
343882650
342735272
343556591
343794415
343777096
20841302
20840263
35 round of counting
0
0
0
0
0
0
0
0
0
0
0
0
0
0
36 round of counting
925
8222
22531
23483
23169
925
343214193
343882650
342735272
343556591
343794415
343777096
20841302
20840263
