0 round of counting
32039
18345
5167
5768
7429
9457
24816
21963914
59390367
90401860
85297333
85698558
23975255
23384169
29106167
68485378
17420892
9938969
87526289
34451691
18525588
9964254
1867510
577668
227004
226945
227605
305295
320095
295330
16457902
13881207
14202060
10202640
254779
177715
4340824
3626233
155202
50106
6774585
6287460
3091591
91832986
667815
13658847
1 round of counting
19606
20172
10786
11376
14030
15099
25577
17580674
46811108
72236163
66604528
68800648
18938413
18623957
23082791
56523092
14778496
8280459
62043944
30116585
15323392
7763785
1377547
384713
144710
144267
145909
190294
205486
184756
14410427
11867059
12287884
8904626
162168
117769
3740023
3128724
125053
45329
5792657
5286460
2313234
67436563
413166
9814030
2 round of counting
751
662
430
429
498
500
507
2539
4598
3945
4332
6708
1798
1737
2112
3300
1806
1236
4300
1832
2187
1153
1015
1024
900
863
853
950
797
927
1257
1019
1037
1055
702
593
909
964
683
626
851
1135
721
5528
639
886
3 round of counting
751
665
444
440
499
496
523
1988
2769
17185
11877
10646
1555
1493
1921
2337
1197
1185
2665
2508
2008
1224
1103
1091
854
784
746
824
824
931
1136
1109
1326
1035
804
711
906
888
676
642
1060
896
770
2682
748
1103
4 round of counting
33
10
2
0
0
0
0
5
2
1
3
0
2
0
0
0
1
0
0
0
0
0
0
0
3
0
0
0
0
0
0
0
0
0
1
0
0
0
0
0
0
0
0
3
0
0
5 round of counting
991
884
672
697
745
721
779
29872
221803
421893
329066
404512
72234
87092
131159
250087
49784
23434
428588
124187
28210
35980
4786
2618
2263
2172
2261
2480
2376
2329
56762
44471
43292
28511
2264
1921
6232
6295
1100
853
15513
12582
5848
581637
2846
15269
6 round of counting
5796
6821
3111
3379
4025
4196
10260
7415354
21101366
31571652
29180084
29917978
8148237
8021977
10152716
24955773
6068510
3280868
29547531
12816934
6289984
3366024
569849
159540
66383
66730
66661
82694
86172
80562
5872048
4796171
4947487
3605302
71954
54187
1517584
1242233
54326
19209
2288946
2109447
907670
31715523
162420
4372072
7 round of counting
18
0
0
0
0
0
0
1
0
9
1
3
3
0
2
1
0
0
2
2
2
0
2
0
0
0
0
0
0
0
0
4
3
0
0
0
0
0
0
0
0
0
0
15
7
16
8 round of counting
235
224
195
199
214
212
253
27337
221299
426059
331573
408534
70718
86507
129965
248136
49356
22461
424779
121326
25915
34765
3658
1712
1442
1439
1410
1513
1537
1552
56358
42992
42532
26872
1454
1218
5416
5149
410
268
14136
11874
5141
563443
2037
13508
9 round of counting
240
229
199
196
208
209
256
30884
226680
439178
332193
409586
74516
89243
132606
255991
51547
22318
433345
123372
26948
33468
3889
1653
1428
1400
1449
1523
1522
1567
58045
44875
42011
27439
1453
1236
5105
5249
416
271
14415
11438
5440
574613
1804
14459
10 round of counting
0
0
0
0
0
0
0
0
0
7
7
0
0
0
0
3
4
0
0
2
0
0
0
0
0
0
0
0
0
0
0
0
1
0
0
0
0
0
0
0
0
0
0
1
0
0
11 round of counting
10026
9491
4693
5201
5897
5968
11076
10423815
26356539
40882567
37634018
39032095
10931778
10810121
13212064
32146423
8748654
4946364
34643600
17359977
9247935
4439311
793563
207101
64098
64091
63762
91648
97257
88706
8527801
7043311
7274162
5291446
76508
51542
2233265
1869889
68595
22900
3469463
3159357
1373546
36784959
227512
5735077
12 round of counting
9559
10149
4905
5065
5961
5897
11082
10464996
26389532
40958513
37663256
39013354
10959666
10825740
13280342
32228866
8760195
4960737
34456763
17440986
9246789
4448504
792973
207824
64857
63879
64601
92808
97577
89130
8532666
7035395
7289057
5311929
78613
52089
2246150
1873735
69213
23390
3483747
3161967
1376134
36354168
230787
5762560
13 round of counting
643
570
420
424
692
909
481
901
1269
2129
1697
1512
817
820
993
1500
777
602
1414
1048
720
713
615
520
466
442
434
491
485
520
633
646
635
591
517
434
555
561
553
478
808
610
542
1550
556
590
14 round of counting
14404
15727
6971
7659
9270
9283
21972
20583954
53585438
79588582
74030457
76339369
21597127
21468995
26526614
64633546
16978564
9455980
71966719
34345890
17892779
8891707
1568625
423205
143617
142591
141823
195021
206282
188452
16521634
13624108
14079243
10211794
163676
114009
4335003
3593241
140617
45839
6624260
6081758
2659122
76656153
454599
11707884
15 round of counting
14891
16110
7470
8147
9798
9812
22013
20497146
53733930
79702440
73817872
76396407
21681992
21533848
26657054
64849950
17061942
9503126
71778264
34606667
17951795
8920213
1573192
420427
141429
141298
141133
195167
205520
188644
16517428
13596670
14066468
10198352
164204
114421
4329749
3590137
139475
46510
6622759
6081749
2673780
76240713
457584
11727280
16 round of counting
885
803
625
628
679
670
681
15369
190906
335204
279001
339898
63803
76520
117180
210301
42408
18805
262293
110110
14527
32634
3527
1217
896
853
850
984
1105
1097
49777
37805
37050
24897
1117
864
5709
5146
999
773
12765
10716
4775
436478
1594
8268
17 round of counting
5553
6767
2407
2732
3590
3690
11303
10124565
27075005
39023726
36340974
37496649
10681053
10678090
13335057
32554490
8098105
4531132
37607345
17023006
8726908
4447828
775789
211667
76689
76654
76800
102657
107828
99257
7920309
6508322
6725911
4892296
86923
62124
2087413
1711965
69677
23322
3135560
2907876
1274525
39816057
227006
5949331
18 round of counting
5476
6899
2624
3011
3864
3811
11265
10146339
27445710
39536914
36603900
37602797
10717412
10723883
13421353
32740627
8293831
4550103
37602626
17120806
8725088
4482648
779853
214511
78385
78389
78666
104320
109486
100736
7976462
6548106
6777765
4927407
88340
63716
2098376
1720542
70444
23529
3155626
2924173
1279609
39998396
228696
5963456
19 round of counting
233
228
200
202
205
211
294
13501
189077
334962
277676
337924
63171
76395
116242
210230
42187
18703
264128
109178
13559
31342
3229
744
517
416
431
478
585
540
48981
37445
36809
24475
545
423
5134
4617
405
259
12237
9819
4138
439541
985
8661
20 round of counting
0
0
0
0
0
0
0
2
0
0
0
0
0
5
1
0
0
1
1
0
0
0
1
0
0
0
0
0
0
0
0
0
0
0
0
0
0
0
0
0
0
0
0
0
0
0
21 round of counting
0
0
0
0
0
0
0
2
3
13
16
11
4
0
1
0
0
0
0
0
0
0
0
0
0
0
0
0
0
0
0
0
0
0
0
0
0
0
0
0
0
0
0
0
0
0
22 round of counting
2
0
0
0
0
0
0
1
0
1
19
1
1
0
0
0
0
0
1
0
0
0
0
0
0
0
0
0
0
0
0
0
0
0
0
0
0
0
0
0
0
0
0
0
0
0
23 round of counting
10102
9053
7048
6503
7092
6954
7123
1351066
3396918
5431825
4843274
5235538
1379393
1357397
1649813
4400537
1189070
664406
3815143
2515862
1220507
547743
95608
25095
8804
8809
8760
10875
11029
10911
1218895
976943
1018380
756312
10997
9037
322962
267549
15731
8942
485740
437383
157248
4142615
21393
564740
24 round of counting
0
0
0
0
0
0
0
8
19
31
29
29
8
9
11
25
6
4
26
13
6
3
1
0
0
0
0
0
0
0
6
5
6
3
0
0
1
2
0
0
2
3
1
28
0
4
25 round of counting
1284
1772
719
818
1028
1039
3066
2692133
7469905
11505792
10700315
10978263
2947257
2864255
3594149
8714433
2103494
1199167
11233473
4265606
2253053
1223109
224251
66843
23363
23357
23447
32963
34816
31743
2003022
1683367
1726254
1237352
27075
18716
525102
439534
19089
6229
820827
760392
374835
11662892
78824
1743315
26 round of counting
220
179
75
83
88
85
159
229207
536062
872980
762754
845609
225899
225779
270655
681959
200169
111457
592620
399353
207152
87859
14852
2809
448
428
415
617
686
600
205838
165165
172342
128715
661
397
54489
45256
1428
425
81877
73680
25582
638542
2071
99908
27 round of counting
2128
3061
1245
1387
1757
1786
5792
5015653
12172449
18944284
17903541
17805331
5214631
5090924
6282988
13450128
3894283
2262625
17730663
7182965
4253047
2152309
420104
125634
43446
43428
43611
61527
64983
59201
3635025
3109928
3165064
2285102
50746
34993
987013
831165
35266
11271
1549846
1433588
719601
18402661
146869
3203330
28 round of counting
101
125
1
1
1
1
969
284716
570065
907692
844858
855159
231716
229783
297520
473595
150482
95204
956928
255314
232255
114470
56962
50823
50465
50465
50465
50465
50465
50465
131566
117654
117511
84395
43681
35673
37178
35185
3456
969
62883
59320
56609
890051
50465
177577
29 round of counting
1181
1531
860
925
1040
1099
4635
1378855
7499033
9648933
8718203
9226871
2292247
2464864
3299204
10020426
1724578
805661
10925413
4539246
1316050
1104056
153302
51107
37033
36678
37590
38303
38394
37861
1726280
1328632
1416225
974981
35036
29298
360266
288751
13324
5530
536751
502202
190538
13055459
46225
711335
30 round of counting
0
0
0
0
0
0
0
0
0
0
0
0
0
0
0
0
0
0
0
0
0
0
0
0
0
0
0
0
0
0
0
0
0
0
0
0
0
0
0
0
0
0
0
0
0
0
31 round of counting
0
0
0
0
0
0
0
0
0
0
0
0
0
0
0
0
0
0
0
0
0
0
0
0
0
0
0
0
0
0
0
0
0
0
0
0
0
0
0
0
0
0
0
0
0
0
32 round of counting
0
0
0
0
0
0
0
0
0
0
0
0
0
0
0
0
0
0
0
0
0
0
0
0
0
0
0
0
0
0
0
0
0
0
0
0
0
0
0
0
0
0
0
0
0
0
33 round of counting
0
0
0
0
0
0
0
0
0
0
0
0
0
0
0
0
0
0
0
0
0
0
0
0
0
0
0
0
0
0
0
0
0
0
0
0
0
0
0
0
0
0
0
0
0
0
34 round of counting
0
0
0
0
0
0
0
0
0
0
0
0
0
0
0
0
0
0
0
0
0
0
0
0
0
0
0
0
0
0
0
0
0
0
0
0
0
0
0
0
0
0
0
0
0
0
35 round of counting
0
0
0
0
0
0
0
0
0
0
0
0
0
0
0
0
0
0
0
0
0
0
0
0
0
0
0
0
0
0
0
0
0
0
0
0
0
0
0
0
0
0
0
0
0
0
36 round of counting
0
0
0
0
0
0
0
0
0
0
0
0
0
0
0
0
0
0
0
0
0
0
0
0
0
0
0
0
0
0
0
0
0
0
0
0
0
0
0
0
0
0
0
0
0
0
