0 round of counting
61442
14316
4756
13917
14268
20561
21227
28540
30413
39994
21810
59909
1071438439
707045281
45757
805552923
853645654
938135998
1079607254
1145370840
48041
9120
15738
14783
8047
23480
22159
8568
8485
7439
104285
11806
9267
8756305
8715917
14119517
24190426
39894483
23921012
22506121
37093440
65570307
117561276
300218
287856
381119
517063
657401
90093428
80638432
128164922
227209936
416039680
671918445
1034906948
1079789330
1079783850
1720747
1791435
2626717
4236809
7025644
72821032
81392455
88429675
117753189
130596122
1 round of counting
64669
18927
12150
19818
20675
28234
26673
34246
36108
46098
26940
69054
1428342737
953638504
121745
1083895640
1143113131
1263206310
1417367589
1468051252
169355
18369
25285
20950
13748
28948
27181
14519
13565
13509
114647
21267
14048
8377521
10917500
19206381
32260605
53234100
22071995
27847890
51155878
89480382
158049487
354281
331549
464100
631577
796042
78035771
97281535
179026454
314846501
570967778
921550214
1381815057
1430031347
1428887033
1824511
2224154
3463564
5486164
9020991
97471432
111956322
122978859
162913847
180341958
2 round of counting
847
705
501
657
692
746
773
874
880
876
777
973
56806
47432
674
52519
50898
50582
52560
57584
589
581
700
627
521
728
724
574
561
588
1017
736
570
6417
6406
7615
8110
9454
9689
12645
14147
15061
15161
1510
1832
1774
1859
1804
22676
25695
29948
36796
40380
44733
56614
58333
58621
2939
3373
4257
3926
3874
24815
24055
26363
28676
27943
3 round of counting
1147
827
507
678
693
779
806
813
848
896
781
986
71980
59095
1141
64927
64138
66907
70005
74306
1240
623
741
648
520
748
768
572
583
552
976
710
563
6851
6794
7676
8052
10136
9646
11520
12960
15522
18120
2004
1932
1955
1758
1757
23339
26080
32982
42451
49168
53700
72685
72763
75349
3760
3867
4348
3924
3809
28404
25283
27408
29833
31496
4 round of counting
333
26
15
5
6
13
5
2
2
2
1
6
15304
11192
421
12563
13009
13648
15621
15700
611
51
28
8
7
6
4
2
1
0
27
15
0
27
4
24
136
470
434
43
335
1095
2130
488
24
12
5
14
260
952
2002
4103
6888
10745
16683
16581
16009
675
21
37
43
7
1032
1881
1862
2375
2605
5 round of counting
1093
1001
756
951
915
1024
1050
1060
1135
1220
1045
1307
11567506
7313437
1055
8417618
8963289
10094570
12699917
15337343
990
751
901
864
734
1005
992
809
743
729
1566
948
807
34227
54469
122464
241530
419714
86675
148020
339400
629122
1130984
2330
2952
3658
4489
5217
261899
464634
1042025
2116790
4106630
6935800
11755803
12980955
12993530
8638
13066
22158
35841
64963
504829
610107
701211
981656
1067972
6 round of counting
14202
5508
3227
6755
6757
9198
9488
12254
12962
16406
9592
25098
563751668
360018443
21863
424365238
448283235
494130196
559239251
577320977
22750
4732
7381
6783
4188
10119
9620
4358
4311
3988
45663
6079
4586
3511350
4136013
7035744
11956954
19817900
9415977
10729010
19027614
33890448
60791898
131075
125606
165953
225494
281766
34396764
38405233
67653944
117738014
230160607
358691494
548260540
561281510
564235013
721609
830893
1256171
1985662
3305949
36677547
42166973
46167028
61945234
68950330
7 round of counting
366
45
9
4
4
7
2
3
5
0
2
5
1077271
713279
584
812054
844775
939163
1052086
1003300
682
91
44
17
6
20
5
3
2
0
44
14
2
1049
802
1339
1371
9658
1415
244
5468
37269
104040
500
63
51
54
43
2055
15998
76477
192089
405931
655359
966744
971213
965737
1002
251
147
45
15
18635
41224
54112
72879
78347
8 round of counting
279
221
194
222
257
238
238
254
265
271
269
318
13840002
8848388
637
10200158
10864763
12128247
14969333
17628851
615
189
214
207
204
248
235
207
191
190
641
251
191
30921
50087
119108
239452
434544
80670
136991
344583
695334
1327402
1154
1192
1940
2662
3802
246452
497565
1238875
2567533
5018074
8436001
13974324
15315398
15301802
6944
10488
18927
32070
61524
554500
704167
813386
1169433
1279327
9 round of counting
271
231
199
226
220
229
236
244
275
287
255
334
14897123
9566602
774
11000337
11706816
13069520
16013052
18613517
815
196
239
220
199
289
251
226
204
220
745
273
209
31372
51298
120324
240899
443426
81617
136868
349377
733528
1428747
1444
1092
1936
2672
3727
248224
513741
1314713
2754986
5420645
9097772
14933340
16267265
16266323
7250
10749
18805
31874
61336
573201
743924
863904
1237929
1356265
10 round of counting
17
0
0
0
0
1
0
0
0
0
0
0
1057477
712141
155
812475
838395
931698
1047069
992716
200
7
1
3
0
0
0
0
0
0
17
0
0
1029
749
1316
1038
10079
1113
248
6635
37876
100340
108
24
16
49
52
1596
14721
73990
189530
403477
646378
961763
966887
959393
400
199
78
10
2
17758
40385
51049
70574
76934
11 round of counting
21198
8980
5525
9453
9829
12838
13106
16002
17237
21269
12888
30780
597765494
399113468
22366
454029984
478627264
524492171
594611769
618299366
24398
7169
10914
9516
6548
13902
12486
6667
6409
5991
55860
9608
6861
3326351
4442799
7892201
13578191
22308585
8827338
11359178
21192442
37625575
66814772
138467
141277
190052
261968
323600
31504649
39697966
74340244
131848207
238850363
382609224
579340589
596509818
596548186
705587
904254
1416732
2284034
3742290
39614622
45897765
50784337
67913067
75217070
12 round of counting
21697
9100
5466
9516
9453
13302
13190
16353
17095
21802
13098
31549
597692906
397342508
22441
453995760
480338110
526669211
597525315
620893691
23730
7127
10617
9561
6375
13908
12827
6605
6538
6215
56348
9822
6989
3328602
4444868
7892900
13569325
22301073
8838846
11374085
21183580
37634370
66852607
138655
140305
191263
262166
326045
31467307
39706327
74384154
132042505
238878714
382449193
579300219
596495917
596547762
707892
907294
1418106
2283212
3738589
39603776
45897965
50769752
67962759
75307654
13 round of counting
1016
658
517
617
595
625
638
641
663
700
607
732
66166
55132
824
58511
58505
63215
66312
70793
1067
551
610
574
477
600
590
525
522
507
720
635
515
3912
4181
5083
5278
7530
6943
8249
10048
11988
14012
1366
1161
1119
1071
1008
16373
22134
26722
35182
41571
48430
66760
69231
68829
2290
2152
2580
2374
2160
19721
18889
21592
25068
25448
14 round of counting
34850
13097
7344
15375
15312
21703
22090
28383
30601
38697
22077
60374
1259358822
838995698
40753
954715346
1010360911
1105986831
1245604723
1276781789
43393
11180
17398
15602
9532
24069
21820
10047
10007
9121
110235
14518
10573
7739697
9762658
16875695
28638094
46836119
20733398
25151227
45357490
79429019
140455657
283213
291590
394459
537928
674916
75065635
88570135
159296410
279199807
502673143
803899504
1212722314
1247391444
1247613880
1579170
1949643
3004860
4788084
7865352
86553181
99713575
109308290
145654745
161374897
15 round of counting
35561
14071
8108
15804
16243
22459
23250
29788
31711
39887
22991
60684
1269843481
845553757
42364
964284350
1020121644
1117353638
1259229161
1292520364
45484
11500
17817
16157
10351
25400
22790
10838
10651
9541
110942
15508
11245
7766111
9809089
16988422
28858107
47232901
20803707
25258604
45600903
80067434
141642087
286100
294578
396611
542503
680721
75298345
89180100
160488996
281744274
507349596
812057270
1226228129
1262038712
1261986233
1591323
1965621
3023070
4828426
7920933
87145628
100407356
110145541
146747980
162581464
16 round of counting
1262
878
679
783
764
852
865
875
945
969
880
978
12938638
8278663
1605
9548014
10137545
11353748
14056027
16601459
1665
743
825
775
690
860
867
747
713
673
1300
882
703
32462
49565
111800
217995
398761
78437
128306
323298
668337
1274590
2412
2151
3003
3558
4329
226681
476685
1217036
2476159
4795276
7998623
13220070
14491383
14504094
9201
12004
19654
31112
56862
525193
675038
792183
1142731
1228837
17 round of counting
14280
4816
2312
6348
6424
9522
9632
13090
13626
18225
9869
28866
659347754
440046550
19217
500648464
529979792
575714580
646186584
655260086
20652
4125
7222
6657
3704
10654
10236
4031
3756
3387
54751
5498
4046
4410461
5316367
8971871
15049162
24503834
11918261
13800876
24123426
41783647
73588232
149376
151452
204677
280317
349438
43545397
48967321
84985937
147402066
263689093
420474113
633807418
648653711
648588417
876543
1048561
1587010
2511092
4121452
47016662
53805357
58569224
77805330
86210621
18 round of counting
14647
4956
2440
6652
6673
9612
9726
13512
13909
18969
9769
29027
672278876
448338880
19710
510307525
540236604
590836594
662388072
672672389
20950
4245
7506
6954
3971
10846
10147
4158
3945
3626
55096
5822
4227
4432940
5363716
9083823
15253275
24915045
11982525
13915912
24476521
42471514
74852715
148715
153625
206890
283480
357379
43809738
49409694
86206455
149827778
268604522
429707124
646929859
663090570
662981100
886043
1057295
1606675
2541052
4178408
47515848
54467076
59363976
78820397
87367257
19 round of counting
252
217
192
217
206
220
235
241
254
277
247
303
12854071
8221894
771
9461671
10118333
11312490
14012218
16525568
837
190
228
197
188
240
231
206
198
204
608
271
216
28814
45156
107245
214485
389289
70583
118465
312719
651367
1260348
1246
1173
1885
2572
3352
213894
455420
1174617
2443465
4754989
7956181
13150718
14449641
14458288
6951
9945
16852
29082
54368
507741
657945
771434
1119557
1223144
20 round of counting
8
1
0
0
0
0
0
0
0
0
0
0
73528
48440
100
55931
57952
67017
72711
73063
194
3
0
0
0
0
0
0
0
0
0
0
0
46
55
121
182
749
132
143
406
1758
4985
52
5
3
3
5
416
1444
5424
13565
27317
45601
71031
74544
74581
134
18
18
28
52
1483
2455
3238
5141
5559
21 round of counting
19
3
0
0
0
0
0
0
0
0
0
0
1190
1046
80
760
1181
1003
1156
1039
86
12
2
3
0
3
3
0
4
0
0
3
1
0
4
1
4
135
39
1
58
87
81
73
9
0
4
2
3
295
129
224
133
283
146
385
323
102
9
3
4
0
61
91
84
190
151
22 round of counting
28
4
0
0
0
0
0
0
0
0
0
0
74526
49331
174
56828
58822
68128
73865
73961
284
19
1
0
1
1
3
0
1
1
0
0
1
47
55
121
191
877
223
175
476
1818
5072
135
21
8
15
5
425
1829
5509
13680
27413
45497
71160
74891
74817
241
33
22
33
56
1513
2455
3322
5372
5733
23 round of counting
32653
8868
7287
12074
9051
17114
10284
10383
10585
11239
9527
13719
149659469
98792110
45051
113081761
119513847
130985035
146808785
148445632
58486
8852
11090
7937
6986
9758
9083
7184
6319
7402
21470
9902
6569
744822
985436
1712153
2992155
5366772
2002872
2626744
4851789
8748487
15621718
69282
38874
49721
62337
73273
7107996
9428625
17661212
32030226
59207616
95496753
144604205
147986889
148119639
209815
205146
325636
515645
832826
9359478
10545618
11893639
15838475
17704910
24 round of counting
1
0
0
0
0
0
0
0
0
0
0
0
599
395
0
446
473
520
591
606
0
0
0
0
0
0
0
0
0
0
0
0
0
3
5
8
13
22
10
12
21
39
66
0
0
1
0
0
32
39
76
130
236
379
573
595
597
0
1
2
2
4
44
48
52
68
75
25 round of counting
3702
1322
679
1861
1916
2594
2649
3492
3678
4657
2753
6827
119675964
77428330
6128
88579044
94024782
104189137
123875430
137984286
6325
1241
2013
1916
1094
2933
2781
1157
1154
1026
12135
1568
1263
904949
866307
1390921
2448424
4151341
2476037
2249754
3696035
6743994
12512406
33325
30756
38798
51643
65445
9400439
8179069
13070545
23885663
45153298
74469574
118406717
126239791
126239813
179947
178811
255545
417308
706460
7312809
8151234
8899447
11980821
13317273
26 round of counting
478
170
95
148
147
230
217
288
341
401
216
668
16014003
10778940
316
12236449
12922227
14112101
15623310
15658441
346
106
188
140
91
265
191
88
88
85
1467
196
98
51082
109325
220899
386126
628284
127061
271120
590156
1053673
1843763
2725
3114
4844
6999
8657
396430
916122
2048105
3651093
6557129
10386089
15332916
15608886
15609405
12548
22120
38997
64643
104754
1021893
1224262
1389580
1861994
2057738
27 round of counting
6550
2331
1157
3199
3288
4603
4702
6254
6609
8450
4855
12407
194302654
126088570
13446
144219623
153092583
169489255
200574546
221839896
13965
2133
3531
3379
1931
5217
4970
2037
2012
1794
22663
2764
2171
1222916
1293025
2228262
3969455
6705874
3245620
3265526
5821019
10798777
20002151
57492
52899
67906
90381
114347
11902583
11511873
20193838
37742750
71461134
117640212
186540261
198443386
198443397
270976
285118
426028
697750
1170142
10817683
12396823
13716628
18661397
20662416
28 round of counting
2007
186
31
370
456
1057
1153
2058
2209
3931
1153
7196
389967783
261126374
146
296492939
313835148
342893494
384195355
388716618
276
186
756
663
147
1570
1470
173
133
99
11451
276
186
3794915
3548328
5531540
9299319
15128173
10851021
9581409
14875115
25448853
44539655
62903
64786
98097
147923
197557
42471454
35536402
52066940
88375641
157351868
249621673
374524235
383739606
383739606
609549
624155
935179
1541803
2596362
30929724
33795958
36177260
47443640
52811320
29 round of counting
5980
1233
489
1934
2020
3920
3575
5675
6038
9360
3480
16680
427185841
289387695
30554
326715575
346815325
378764429
422256633
430675359
27594
1470
2651
2531
1189
4192
3706
1133
1073
1038
20819
1902
1351
2563469
3794177
6801620
10776377
17348968
6419712
9384085
17586048
29217162
50231070
95128
104629
156688
222416
282861
21239424
31616851
59706335
100912482
176944507
281873051
417997385
429060272
428743548
577310
777495
1238441
1898134
3104702
33436863
38583228
41707567
53655558
59367929
30 round of counting
274
17
0
34
51
136
153
278
306
565
155
1013
44807750
30049022
0
34064700
36058900
39438798
44174312
44671656
34
17
102
85
0
221
204
4
2
0
160
34
17
325796
370277
666721
1158276
1877396
906785
964039
1741210
3080694
5374587
6385
7749
13025
20433
27523
3425873
3423647
5873067
10345053
18401769
28992436
43331890
44406227
44406227
56247
69579
118705
200537
337759
3233631
3691960
4048708
5419675
5992618
31 round of counting
340
21
0
42
63
168
189
348
378
701
193
1259
55350750
37119634
0
42080208
44543500
48718610
54568280
55182640
42
21
126
105
0
273
252
8
4
0
320
42
21
552974
532411
847957
1435932
2320528
1569807
1412095
2225372
3823208
6643371
9611
10467
16391
25305
33999
6097967
5144593
7580583
12852575
22747327
35816388
53527638
54854751
54854751
90459
96609
149725
248259
417351
4493849
4901466
5260010
6884191
7662060
32 round of counting
90
8
1
15
20
47
52
92
99
178
53
315
13179251
8838517
3
10019607
10606101
11600173
12992949
13139225
13
8
35
30
3
72
67
5
4
3
97
13
8
136548
129301
202854
342249
552751
388065
343402
532470
911138
1582186
2383
2561
3953
6068
8136
1510497
1253905
1815540
3062923
5417021
8528281
12745177
13061156
13061156
22292
23435
35846
59227
99474
1086013
1178128
1260938
1645488
1832878
33 round of counting
90
8
1
15
20
47
52
92
99
178
53
315
13179251
8838517
3
10019607
10606101
11600173
12992949
13139225
13
8
35
30
3
72
67
5
4
3
97
13
8
136548
129301
202854
342249
552751
388065
343402
532470
911138
1582186
2383
2561
3953
6068
8136
1510497
1253905
1815540
3062923
5417021
8528281
12745177
13061156
13061156
22292
23435
35846
59227
99474
1086013
1178128
1260938
1645488
1832878
34 round of counting
704
46
1
91
134
351
394
718
783
1444
401
2587
113337751
76007173
3
86164515
91208501
99757581
111735541
112993521
89
46
263
220
3
566
523
17
10
3
577
89
46
1015318
1031989
1717532
2936457
4750675
2864657
2719536
4499052
7815040
13600144
18379
20777
33369
51806
69658
11034337
9822145
15269190
26260551
46566117
73337105
109604705
112322134
112322134
168998
189623
304276
508023
854584
8813493
9771554
10569656
13949354
15487556
35 round of counting
0
0
0
0
0
0
0
0
0
0
0
0
0
0
0
0
0
0
0
0
0
0
0
0
0
0
0
0
0
0
0
0
0
0
0
0
0
0
0
0
0
0
0
0
0
0
0
0
0
0
0
0
0
0
0
0
0
0
0
0
0
0
0
0
0
0
0
36 round of counting
704
46
1
91
134
351
394
718
783
1444
401
2587
113337751
76007173
3
86164515
91208501
99757581
111735541
112993521
89
46
263
220
3
566
523
17
10
3
577
89
46
1015318
1031989
1717532
2936457
4750675
2864657
2719536
4499052
7815040
13600144
18379
20777
33369
51806
69658
11034337
9822145
15269190
26260551
46566117
73337105
109604705
112322134
112322134
168998
189623
304276
508023
854584
8813493
9771554
10569656
13949354
15487556
