0 round of counting
28503
10953
6619
8277
8195
7087
7099
6228
6207
4877
5093
8293
8419
9056
5135
4859
7221
6489
5042
5477
8581
8614
9245
9258
8719
1633322899
367005643
1406776609
54754007
54745047
50004847
45438468
43860405
43437075
42765537
42646959
1079392
1087879
146708
455040
671226
571806
385944
383106
538661
137167
1 round of counting
21875
13856
11016
11792
11630
10568
10846
11000
9958
9309
9443
11420
11815
11707
8739
8694
10664
10891
9741
9058
11686
12391
12496
12089
11947
1235299019
257730162
1043063472
49089411
48127418
36649209
35446677
33904561
33184693
32371362
32184828
874924
867089
117230
347376
520212
444551
297992
296892
412901
111620
2 round of counting
548
478
388
364
362
355
357
369
365
355
351
366
372
365
352
344
364
349
351
375
367
358
382
382
367
265879
448294
128956
7153
6038
48735
11497
20329
10360
5051
26147
753
687
668
830
823
989
732
1312
1685
593
3 round of counting
624
488
384
360
364
340
349
364
362
346
349
364
350
362
354
349
366
391
360
353
360
368
363
345
342
455042
267671
460163
22308
10247
30926
36060
63214
61651
38647
65062
885
691
689
1266
1790
1513
1138
1295
1486
700
4 round of counting
47
28
1
3
1
0
1
5
1
0
0
0
0
0
1
0
0
0
0
0
0
0
0
0
0
2024
1083
2187
855
705
450
130
66
27
25
15
3
9
4
1
4
2
3
2
3
21
5 round of counting
716
630
579
573
581
532
522
537
534
532
519
532
526
557
519
514
540
548
508
533
543
554
565
542
540
2247564
2549034
1722036
589954
589063
118954
259330
159876
171200
153126
76279
1489
1725
876
1167
1844
1716
1537
1930
2235
872
6 round of counting
6494
3702
3476
3824
3787
3372
3366
3167
3040
2527
2656
3948
3902
4194
2551
3371
5143
3569
2675
2724
3880
3961
4119
4334
4137
584749033
111737717
478103380
18234910
18087725
17409316
15920790
15437921
15415647
15115987
15397157
396355
391259
52389
160360
235904
200610
138371
135013
189267
50234
7 round of counting
38
23
4
0
2
1
0
1
0
1
1
0
2
1
0
1
1
0
0
1
0
1
0
0
0
691502
308367
46418
288529
281382
658
674
107
34
33
24
9
12
8
5
8
0
1
4
0
26
8 round of counting
219
173
179
190
169
169
170
169
171
168
164
173
173
174
171
166
171
168
165
165
175
178
173
181
181
2483740
2159537
2438109
625063
619555
59684
224597
149846
121775
79931
69160
864
931
331
480
718
531
424
483
551
353
9 round of counting
208
174
179
172
169
164
156
155
156
150
153
160
157
168
161
158
160
156
153
151
168
170
168
169
169
3178665
2469959
2485756
914583
902242
60129
225366
149422
121138
79620
69571
845
942
310
474
690
599
481
466
456
359
10 round of counting
0
1
0
0
0
0
0
0
0
0
0
0
0
0
0
0
0
0
0
0
0
0
0
0
0
684338
298135
41345
290130
282523
298
582
56
6
2
1
0
0
0
0
0
0
0
0
0
3
11 round of counting
10083
5985
5196
5572
5209
4935
4791
4697
4677
4198
4256
5257
5219
5317
4140
4133
4997
4808
4252
4451
5406
5361
5865
5726
5509
585821697
123785589
478435825
20092409
20046943
17442440
16318680
15670636
15489269
15185543
15159593
387327
392490
52983
154985
228782
197648
135396
133292
185825
50046
12 round of counting
10171
6087
5079
5676
5266
4943
4788
4480
4517
4097
4347
5091
5298
5415
4206
3968
5029
4660
4364
4408
5443
5447
6226
5604
5480
561345499
117361689
471432321
19491345
19564627
16931353
15772409
15111162
14955114
14642075
14608759
381387
386156
52055
152374
225390
194359
133457
129486
181858
49655
13 round of counting
570
494
358
328
348
349
354
385
345
339
330
327
345
343
331
339
346
345
356
367
337
367
372
354
347
21216
5112
16534
1572
1243
1296
1207
1142
1197
1174
1114
501
472
399
476
455
409
419
420
482
416
14 round of counting
15633
8585
7551
9106
8606
7698
7828
7000
6972
6025
6320
8752
8841
9032
6105
5961
7865
7307
6287
6635
9091
9102
9708
9596
9033
1338178319
257234063
1083316978
41742961
41691700
39338663
36099880
35202509
34917781
34427343
34316005
883079
890468
118528
360100
530794
454595
310474
305874
428730
109962
15 round of counting
16405
8967
8249
9532
9063
8537
8334
7430
7332
6328
6790
9054
9125
9386
6570
6229
8275
7601
6587
6923
9521
9120
9895
9580
9316
1272046891
249429514
1080708973
41396070
41281127
38294944
35413644
34483135
34177891
33725979
33678709
879456
887512
118496
357349
527609
451245
309544
302609
426173
109385
16 round of counting
742
644
530
497
531
511
530
523
532
517
508
523
518
525
488
494
521
500
512
540
513
526
527
514
503
705884
1302843
459865
386076
366444
16934
90600
58350
46121
25394
20856
984
1005
741
768
903
742
714
904
737
710
17 round of counting
6128
2893
2785
3625
3545
3035
3060
2620
2569
2048
2095
3681
3672
3907
2183
2020
3069
2744
2153
2271
3737
3734
3916
3859
3701
739379712
130294881
616755890
21519697
21638847
21899377
19734545
19479013
19302372
19104990
19096291
499177
503186
65979
204692
301818
258653
176324
172579
243415
60162
18 round of counting
6247
3133
2922
3786
3676
3187
3210
2809
2722
2148
2251
3850
3826
4088
2291
2202
3190
2966
2358
2348
3947
3959
4027
4065
3911
710041799
131305506
616393984
22043424
21988735
22064623
19837922
19547699
19426526
19272323
19269788
499519
504367
66478
206423
302585
259430
176721
173321
243929
60627
19 round of counting
181
164
162
158
156
153
155
152
153
149
151
158
147
158
152
160
158
147
149
154
163
163
161
166
163
681926
1300098
443791
381064
364184
15570
88746
56251
43845
23805
19143
550
582
237
302
487
323
313
343
279
243
20 round of counting
3
1
0
0
0
0
0
0
0
0
0
0
0
0
0
1
0
0
0
0
0
0
0
0
0
1252
1583
2677
649
103
21
36
10
4
7
5
0
0
0
0
0
0
0
0
0
0
21 round of counting
0
0
0
0
0
0
0
0
0
0
0
0
0
0
0
0
0
0
0
0
0
0
0
0
0
0
0
0
67
7
0
5
0
0
0
0
0
0
0
0
0
0
0
0
0
0
22 round of counting
3
1
0
0
0
0
0
0
0
0
0
0
0
0
0
0
0
0
0
0
0
0
0
0
0
1205
1591
2681
733
121
16
35
8
5
6
2
1
1
1
1
0
1
0
0
1
0
23 round of counting
7933
7122
5281
4740
4908
4833
4883
9852
12346
6318
5226
5105
5288
5065
4701
4573
5203
6191
5772
4974
5355
5861
5464
5224
4903
65733089
7113109
39758913
2421258
2455676
1780277
1890203
1827111
1802255
1762330
1751067
50996
49299
10022
18919
27673
23305
17175
17788
22255
10918
24 round of counting
0
0
0
0
0
0
0
0
0
0
0
0
0
0
0
0
0
0
0
0
0
0
0
0
0
524
118
437
21
21
16
15
15
14
14
14
0
1
0
0
0
0
1
0
0
0
25 round of counting
1628
779
795
1052
1041
882
882
744
763
621
625
1082
1075
1119
632
621
911
818
643
667
1049
1031
1131
1134
1090
228074690
47568753
195556071
7690796
7685928
6586225
6394295
6084067
6045923
5954286
5931176
147845
148858
19343
62158
92527
77883
52145
52143
73596
17981
26 round of counting
246
119
82
93
81
82
66
74
59
68
69
80
70
66
57
56
80
66
68
59
93
86
100
86
85
12021576
1341095
6960809
385874
386076
294947
319548
308398
302436
292742
292057
7510
7564
852
2324
3471
3139
2048
2107
2933
852
27 round of counting
2957
1461
1464
1872
1847
1601
1604
1387
1388
1096
1127
1924
1926
2059
1141
1095
1605
1473
1167
1232
1947
1948
2058
2061
1957
421276559
98498223
362952337
13359600
13354581
12900403
11499849
11128268
11060380
10936322
10916026
266350
269045
35195
112158
165986
140626
94840
93782
133497
32428
28 round of counting
0
3
0
0
0
0
0
3
0
0
0
0
0
0
0
0
0
3
3
0
0
3
0
0
0
0
0
0
0
0
0
3
0
0
0
0
0
0
0
0
0
0
0
0
0
3
29 round of counting
2464
1274
1312
1444
1428
1249
1261
1381
1122
1104
1129
1795
1953
1943
1041
957
1351
1382
858
1079
1614
1794
1768
1585
1668
276530084
69172843
224040099
14821207
14650755
7456849
8048433
7423772
7174444
6830374
6731543
208162
197566
25993
79139
127385
103869
67837
66547
93358
24465
30 round of counting
0
0
0
0
0
0
0
0
0
0
0
0
0
0
0
0
0
0
0
0
0
0
0
0
0
0
0
0
0
0
0
0
0
0
0
0
0
0
0
0
0
0
0
0
0
0
31 round of counting
0
0
0
0
0
0
0
0
0
0
0
0
0
0
0
0
0
0
0
0
0
0
0
0
0
0
0
0
0
0
0
0
0
0
0
0
0
0
0
0
0
0
0
0
0
0
32 round of counting
0
0
0
0
0
0
0
0
0
0
0
0
0
0
0
0
0
0
0
0
0
0
0
0
0
0
0
0
0
0
0
0
0
0
0
0
0
0
0
0
0
0
0
0
0
0
33 round of counting
0
0
0
0
0
0
0
0
0
0
0
0
0
0
0
0
0
0
0
0
0
0
0
0
0
0
0
0
0
0
0
0
0
0
0
0
0
0
0
0
0
0
0
0
0
0
34 round of counting
0
0
0
0
0
0
0
0
0
0
0
0
0
0
0
0
0
0
0
0
0
0
0
0
0
0
0
0
0
0
0
0
0
0
0
0
0
0
0
0
0
0
0
0
0
0
35 round of counting
0
0
0
0
0
0
0
0
0
0
0
0
0
0
0
0
0
0
0
0
0
0
0
0
0
0
0
0
0
0
0
0
0
0
0
0
0
0
0
0
0
0
0
0
0
0
36 round of counting
0
0
0
0
0
0
0
0
0
0
0
0
0
0
0
0
0
0
0
0
0
0
0
0
0
0
0
0
0
0
0
0
0
0
0
0
0
0
0
0
0
0
0
0
0
0
