0 round of counting
736637
102765
361247
654989
662785
1075555
1228780
99891
607204
92412
84062
59622
87748
165408
93722
227142
220192
177187
162587
165556612
165120430
10124258
414326
540794
8107786
2611209
93261455
74995226
5134095
1037304
1278067
1443567
1403569
1210494
839975
17886822
14503029
12246412
10833434
547216
322850
472547
368744
19651509
16666471
16137358
19827894
62622151
65717151
66378956
86074763
95197233
95241477
103362507
102570600
100782555
69770860
4270885
34625963
46034488
39862624
44424581
46901163
37392799
62165729
74610738
40293059
80807681
52726732
75150693
45391338
38171603
44223596
62458766
64041495
65006792
39178756
41295142
1 round of counting
919485
109932
423217
813120
990377
1464836
1522699
100030
1258849
331249
113502
71821
102194
205464
103364
279743
255629
207381
200651
239247594
241728538
13215328
510741
677423
9644748
3014108
125842091
98524040
5919847
1150556
1476998
1697621
1625586
1349839
854550
21318089
15540477
12324856
10736954
547292
349475
518172
410491
23085548
17749224
17249954
22596910
72671387
77599769
78159026
111522190
126335144
126056985
142119153
152274905
140549581
83283427
4573246
36767481
51195234
43208359
50150238
56408707
39781911
76235104
97591439
44510098
104965666
60269946
98396767
50044493
41574975
49637820
77447932
88299916
89856456
46150285
47968576
2 round of counting
1418
1182
1717
2200
2109
2174
2298
1137
1545
1073
1913
1086
1097
1225
1189
1218
1263
1293
1170
52382
47104
1101
1446
1670
5564
3124
28702
26196
1578
2286
2621
2581
2642
2522
2428
11382
7017
8144
6405
1576
1453
1535
1446
7591
7843
6330
6601
17218
22621
23881
30905
49829
49123
42027
30680
28956
25039
1049
17297
11419
19740
18267
19570
19340
13641
24181
21037
15936
21240
24617
19863
16798
21184
24300
22807
21675
17209
10758
3 round of counting
1877
1166
1708
2216
2153
2137
2152
1022
1675
1052
1900
1038
1137
1287
1113
1314
1398
1342
1183
46638
55571
2625
1897
1671
5346
2754
30143
27415
2951
2538
2592
2632
2720
2550
2507
10626
6708
7276
6742
1633
1390
1588
1534
7762
6244
7480
6278
18675
26102
25376
29989
30531
32586
33304
32443
29896
25477
2161
18565
13073
19488
22786
20228
18153
13693
25631
19468
17741
22086
30589
21612
19709
21034
24911
25414
24015
20417
11340
4 round of counting
532
59
14
9
13
7
7
2
0
4
6
1
4
1
15
0
0
0
3
1955
3605
1350
536
39
102
21
1190
2032
1188
367
23
30
14
8
8
74
21
8
20
4
3
3
3
11
37
13
9
946
1883
1675
2012
2542
2399
2228
2177
2065
1853
1061
637
382
812
688
892
904
759
1674
1415
1217
1511
1485
1445
826
684
1154
1459
1487
1182
345
5 round of counting
6007
2267
4084
6008
6401
10939
13227
2498
7277
2584
2838
1573
1756
2389
2011
2668
2954
2524
2347
1745010
1941422
119544
3757
5679
74928
30702
1035276
874165
69481
9346
12186
15143
14587
12218
8295
182043
133913
101792
83881
7840
3634
9314
4499
186821
158470
152979
192862
671031
735487
724785
975206
1054289
1083040
1157795
1125501
1114254
778435
63882
303937
462847
402267
467241
522775
368309
665458
846533
393632
918605
552610
855582
450407
386614
458318
690647
722047
722985
381402
392583
6 round of counting
326153
44870
175002
303674
306752
486961
562410
43388
287059
43752
40402
27578
41231
74440
43198
104855
100697
83325
77247
66703424
67507928
5392880
192543
257699
3576478
1211291
39096833
33356842
2704396
488945
585652
658913
646151
558757
401228
8154163
6639860
5787875
5112107
248291
154608
235949
175128
8702912
7534974
7375333
8822782
26749459
28249088
28368619
36853169
41003165
41084886
43759381
43362979
42562112
30059029
2081267
15974347
20438270
18234281
20234176
21439900
17360344
26963174
32841321
18941777
34605895
23592954
32600991
20716733
17610179
19804918
27338610
28173853
28610834
18139566
18616474
7 round of counting
714
73
17
8
10
68
77
1
7
1
5
1
0
0
15
1
3
4
5
44096
100211
55810
628
105
282
13
14934
34938
17639
505
84
51
9
10
5
187
96
16
23
1
7
1
3
258
428
32
982
8128
22234
24046
29516
41670
44414
39509
39728
41238
36084
16334
1320
1905
5476
3060
4947
5340
5370
18909
19101
10566
24467
15278
19692
4378
2668
9055
17060
16708
13884
1838
8 round of counting
4965
1108
2327
3913
4536
8761
10988
1470
5664
1625
982
518
662
1190
796
1445
1647
1184
1108
1788027
2122929
251727
2758
3756
70800
27672
1031175
936518
108650
7314
10370
12906
12023
9723
5601
171320
128638
94973
77493
6492
2054
7861
2906
180628
154906
146715
188250
673354
762451
757303
1009982
1120860
1156148
1212580
1198853
1176564
837441
97556
287770
452858
392946
449494
509942
358590
656566
861575
418866
914242
590089
858209
479068
373055
445791
685132
737755
738762
395976
390307
9 round of counting
5607
1129
2413
4018
4589
8812
11368
1509
5934
1638
952
606
677
1161
741
1499
1752
1306
1177
1831977
2222292
306131
2784
3877
71343
27645
1044412
967399
125480
7398
10154
12668
12349
9723
5826
171212
127980
95190
77769
6288
2043
7784
2893
180359
155859
147134
187072
679965
783473
773796
1035076
1158765
1199363
1251454
1231210
1216200
869813
112684
290520
455310
396740
451623
514888
362207
663316
875986
436744
925092
609153
872817
494794
377300
445791
690755
753917
753395
409500
391251
10 round of counting
199
3
2
0
1
95
72
0
2
0
0
0
0
0
0
0
0
1
0
42311
96396
54826
86
69
203
3
13994
33580
16246
130
42
26
2
2
2
89
27
4
6
0
1
0
0
79
79
9
370
6522
21293
22087
26346
40556
40319
38902
38060
40082
32963
14998
775
1897
4580
2650
4277
4202
4573
17089
17364
8913
23911
13436
18457
3327
1935
7618
16239
15226
12440
2104
11 round of counting
421809
51497
188040
376968
364457
603260
712738
49922
357674
53275
51959
32785
47048
101471
46487
135173
119944
98301
93718
85134312
87273218
4542626
211929
312853
3919469
1369626
50039297
38458302
2511359
474190
640646
758926
715491
579249
325047
7901854
5454060
3846935
3219840
232225
140693
218171
174020
8969951
6616224
6294158
8747808
28119000
29411814
29830923
43865147
50580189
50666247
55106808
54202894
52790963
31946074
1671160
12156488
18455091
15082590
17903941
20684888
13624116
29403088
38270296
15613272
41028151
22218782
38431136
17943268
14506848
17838350
29462530
31185504
32170526
14411916
15345378
12 round of counting
421499
51067
188122
381557
364455
604380
702822
47578
359259
53628
51637
33713
46582
100365
45669
136034
120440
98676
92636
85744406
86529024
4581959
208301
308951
3906805
1372499
49782693
38245570
2510870
476351
642405
752957
721388
586683
326992
7908635
5434793
3849246
3220401
230775
137655
212746
172299
8961804
6621850
6280260
8759209
28003610
29421949
29975922
43984806
50755575
50630794
55098801
54229846
52762913
31906065
1664143
12161897
18446109
15091766
17990983
20836478
13607780
29518044
38294360
15612380
41190899
22306661
38480348
17991857
14645391
17809183
29425931
31050033
32175204
14259508
15254872
13 round of counting
1391
920
1118
1102
1224
1276
1570
795
1028
807
1346
816
907
895
837
880
923
901
842
38261
40048
1720
1215
989
3524
2047
24952
18907
1978
1396
1430
1678
1334
1399
1304
5681
3859
2570
2354
1013
915
1094
971
5298
5942
4811
7295
13089
18136
19745
23373
25488
26071
26572
26865
26672
20209
1414
11196
6451
12787
13689
13795
12171
9941
19500
12396
14186
15858
20477
13673
12276
14110
17775
18128
17200
12457
5566
14 round of counting
791374
98299
387131
733399
718081
1150706
1341537
91761
682902
99522
94244
62115
91376
185688
93152
253910
230619
191105
181709
153210106
155413929
9444476
428677
605962
7811766
2714785
90707078
72924931
5135859
1000189
1302168
1494612
1438165
1203439
756555
16484441
12365635
9836912
8480409
489733
310562
466421
363722
18208882
14540360
14109102
18172275
55559361
58406580
59206503
82137101
92904763
92651319
99936974
98793286
96708625
62596966
3624831
29510182
40587308
34686749
39522735
43478935
32180227
58443150
73103393
35872249
77989700
47487041
73083563
40148466
33472909
39085399
58513994
60994746
62449449
33463172
35079472
15 round of counting
795773
100324
388913
736399
723122
1168729
1392579
95793
695986
99447
97139
63981
94635
186673
97139
258622
238357
195521
184109
155503917
157278777
9710493
430962
611629
7880321
2736388
91642920
73695551
5264737
1018095
1312384
1506218
1457775
1222667
769948
16691101
12537270
9963317
8592246
502371
312775
473261
369046
18437277
14732488
14219406
18305865
56287282
59309342
59837449
82735089
94082440
93772620
101071914
99906540
97653909
63424815
3708101
29673829
40778746
34882643
39784204
43931563
32438270
58890164
73749638
36119688
78669308
47776277
73650579
40391040
33588285
39382045
59051665
61510503
62881131
33893594
35681056
16 round of counting
6313
1980
3523
5081
5473
9508
11922
2278
6996
2417
2332
1299
1456
1887
1536
2269
2536
2024
1996
1746858
2126831
291521
3923
4840
69576
28074
983084
918712
122693
9141
11406
13936
13157
11203
6998
168286
121689
92921
74795
7006
2886
7998
3692
172482
151614
141843
176590
640452
743297
735201
981166
1104841
1140004
1195456
1181280
1158230
829347
106230
278302
422575
379669
429046
489309
348389
615808
833258
415217
869124
579304
827856
472675
356130
423923
656147
714278
715926
389924
365337
17 round of counting
370663
46681
203706
355607
355644
557607
640959
42989
323315
45706
42879
30064
46047
86170
47152
120445
113091
93613
88249
68021106
68081407
4906512
218539
297119
3893699
1352063
40550961
34587562
2632328
533866
655795
739811
716558
623260
435092
8584043
6958974
6015523
5276045
263782
172110
253975
193104
9253131
7922275
7731246
9349525
27500877
28880381
29129819
37877920
42162160
42249492
45140474
44758867
43894827
30809578
1959097
17220958
21893862
19437447
21383192
22602528
18444838
28597569
34212575
19938823
36338685
24927440
34300104
21944753
18768930
21103623
28900318
29772368
30136340
19247158
19897959
18 round of counting
373612
48285
204383
358676
358915
566816
649715
44878
329647
47971
44247
30505
46234
87616
47860
121935
116557
94762
89652
69798961
69993406
5097102
222457
301960
3959329
1379112
41465323
35322039
2750880
536203
662770
748604
725791
627314
439471
8722287
7038343
6103583
5346916
269747
174209
261527
198108
9406804
8065396
7862493
9524332
28126683
29615709
29928737
38823042
43309810
43319877
46464330
46126587
45320395
31744240
2048513
17474194
22363674
19822141
21769233
23029577
18739653
29194959
35105731
20346093
37233050
25491017
35133028
22407605
19095507
21504568
29585218
30477461
30874421
19635763
20332110
19 round of counting
4868
1130
2286
3799
4417
8061
10288
1401
5836
1597
895
627
701
1060
740
1557
1598
1138
1131
1700190
2085922
289739
2723
3844
67289
26362
956396
898096
120178
7128
10068
12101
11825
9718
5463
161325
118857
89575
72505
5934
2085
6888
2952
166872
146202
135299
171289
629545
726670
717382
962097
1077024
1113919
1164565
1152041
1135942
812213
104595
265417
415429
363656
416471
471940
334794
607549
813288
403870
857942
568079
811720
458435
344114
408173
639656
699889
693852
379640
357630
20 round of counting
25
1
0
0
0
5
4
0
0
0
0
0
0
0
0
0
0
1
0
3461
6555
2725
58
6
91
0
1180
1434
166
20
3
2
0
0
0
181
2
1
0
0
0
0
0
86
1
0
9
490
922
906
1234
1772
1941
1871
2030
2058
1603
159
360
179
448
499
551
396
359
907
571
613
841
901
641
429
496
749
776
768
440
95
21 round of counting
43
1
8
0
10
5
9
3
0
0
0
0
0
0
0
0
0
0
0
3
138
107
104
31
75
13
3
247
101
86
74
42
81
59
18
588
201
1
2
1
1
1
1
2
1
2
1
2
150
149
151
367
394
214
137
164
194
34
154
82
76
304
323
264
39
240
261
31
228
265
213
215
177
285
337
255
183
37
22 round of counting
72
2
3
3
8
12
9
0
2
0
0
0
0
0
0
0
0
0
0
3524
6545
2819
146
39
269
48
1168
1514
279
55
4
2
1
0
0
183
9
3
1
0
0
1
0
85
6
4
10
504
1170
1098
1631
2068
2225
2065
2172
2384
1880
191
440
212
711
693
675
730
380
1105
691
638
1182
1256
858
576
785
862
996
1103
628
149
23 round of counting
121133
20815
52106
97492
90961
147970
175710
17239
95262
19760
26670
14929
18318
34089
17991
40079
35512
31650
29544
25013530
19748132
717201
76052
83834
918251
296974
11873349
8710753
459342
110473
150948
179936
168596
134727
63592
1877173
1029332
611963
495916
45564
34043
52427
43962
1935067
1202884
1139498
1771829
6912694
7498916
7578926
11649004
13501124
13144862
14586745
14280983
13851253
7943407
230622
2151450
3409927
2881471
3610365
4471804
2487581
6186419
8843940
2972730
9155909
4564380
8736001
3479533
2829341
3616097
6560303
6958837
7217817
2520191
2510670
24 round of counting
0
0
1
0
0
1
1
0
0
0
0
0
0
0
0
0
0
0
0
91
96
5
0
0
4
2
54
40
2
1
0
1
1
0
1
9
7
5
5
0
0
0
1
10
7
7
10
31
34
31
45
55
55
56
54
52
33
2
14
22
17
23
24
17
32
42
19
44
27
38
22
17
21
33
34
35
16
18
25 round of counting
73402
11797
37158
68202
69482
112855
129391
12619
64248
10384
9852
6669
9526
17588
10352
24516
23548
18683
17973
17967311
16739081
1085825
40414
56678
791862
266941
9412922
7231258
542996
100160
128530
147965
143218
120679
77892
1640359
1269088
964288
839057
60965
32026
42586
37289
1878811
1514587
1446727
1879962
6410045
6731576
6815515
9161608
10208105
10217716
11201061
11104430
10889637
7190484
441856
2612719
3838937
3208959
3683832
4105959
2951588
5713468
7146509
3284028
7711190
4554051
7178190
3775097
3066510
3696866
5696532
5932658
6104510
3083798
3273713
26 round of counting
10784
1174
4573
9571
9212
14785
17614
937
8997
1324
1184
690
1119
2662
999
3459
2961
2573
2274
1627541
1820239
77515
5294
7922
84274
31578
1080130
832267
53028
10330
14782
17749
16703
13147
6319
155818
93838
55868
41651
4404
2691
4597
3698
182221
122778
114359
174449
506016
530384
539624
870454
1037809
1028286
1105461
1083837
1053828
579834
25478
219697
359696
284632
353949
422461
249537
622954
841064
301269
899415
439969
843309
343695
272225
345503
622295
664950
690504
259867
285002
27 round of counting
129419
23442
66749
121185
125235
202336
232927
25897
114934
22120
17538
12143
17307
31944
19210
43891
43343
34944
32551
30397052
30270189
2665314
74952
101660
1408744
512795
16538026
13305277
1284773
183170
232695
266756
259876
221414
146063
2866813
2310636
1767660
1525826
123640
58518
90995
68625
3370663
2857865
2702637
3449455
11275255
12058286
12197150
16157345
18038103
18100572
19711694
19585110
19221427
12991550
1111199
4845924
7145680
6101738
6894229
7606464
5649258
10375801
13005306
6354000
13893654
8643668
12998851
7264342
5825482
6898446
10416722
10902185
11177993
5966873
6174868
28 round of counting
219299
9906
87838
191938
180136
322602
369571
5981
186351
6049
12791
9855
16585
39194
16558
60607
53013
33882
37600
71736597
64927710
79765
103638
158137
2945811
691082
38375842
28330264
218470
297494
384878
442255
421172
345946
213571
7351095
5534062
4735103
4287195
81706
81660
93517
93563
7310849
5522609
5506098
7017842
23690514
23956833
24219750
32921795
36379357
36107448
39982722
39434944
38666892
24824555
74275
13723409
17783140
14814403
16911745
17911634
13759200
24674507
29128702
14254996
32526738
19193563
29783654
16138831
14258060
16932556
24412862
24687045
25076441
14060673
15741149
29 round of counting
218145
19848
115230
193606
187120
320038
359165
15891
185943
15745
18612
15257
23798
41392
24212
60814
60218
45015
44282
73205105
91567533
5486886
123405
164003
3066575
759513
45467529
36020223
1770401
349968
411025
448555
432619
382580
289491
7661141
5992086
5321763
4789782
149984
112945
157601
123150
8065934
6464051
6411504
7873246
24108396
25989229
26082567
35920488
40875371
40866207
43649063
43013827
42522601
29124566
1715820
15306417
19915526
16995525
19405690
21045382
15829625
27930723
35023600
17387494
38351021
22569514
36061535
19216694
16426538
19211659
28625001
29570361
30303488
16820941
17623134
30 round of counting
6347
608
5054
7582
7088
10205
12569
250
5282
250
561
612
952
1530
972
2336
2403
1692
1443
1688534
1772388
3631
6359
6428
104498
24354
1174801
1003750
15024
14831
14965
15099
15024
14874
14724
329975
299967
330184
300247
5288
5284
5205
5209
279966
278747
285667
284448
732168
732302
732318
733524
734998
734998
736650
736516
736382
735317
2889
1043056
1104250
1032448
1076254
951916
997606
1075594
1057922
999126
1189256
1131422
1091844
1069572
973572
1045138
1119076
1065766
1005322
1067898
1121034
31 round of counting
30304
1542
14033
27700
26390
44774
51677
808
25576
823
1785
1531
2579
5482
2581
8517
7668
5061
5314
9867228
8570976
11683
16850
23016
428453
101103
5108072
4013538
38441
47023
56975
63552
61095
52494
37678
1131661
898162
838427
759996
13796
13786
14928
14938
1076970
879697
887676
1050493
3467074
3496625
3529141
4525474
4904085
4872451
5330722
5268112
5178933
3594966
10738
2492224
2973815
2586411
2859548
2861960
2459164
3688983
4132671
2510946
4605327
3152098
4233017
2769499
2491438
2836350
3699557
3673715
3668232
2545591
2772206
32 round of counting
441
60
450
676
602
835
1049
26
386
26
55
60
84
152
84
222
231
148
137
141860
161392
345
569
598
5126
1326
87885
69976
932
905
923
941
932
914
896
30073
27919
30088
27943
392
392
383
383
12502
12349
12557
12404
46286
46304
46304
46466
46664
46664
46880
46862
46844
46709
243
74058
81032
72672
77982
63674
69458
78248
76144
68608
90968
84948
79342
78054
66372
74828
83184
76556
70028
77298
83278
33 round of counting
441
60
450
676
602
835
1049
26
386
26
55
60
84
152
84
222
231
148
137
141860
161392
345
569
598
5126
1326
87885
69976
932
905
923
941
932
914
896
30073
27919
30088
27943
392
392
383
383
12502
12349
12557
12404
46286
46304
46304
46466
46664
46664
46880
46862
46844
46709
243
74058
81032
72672
77982
63674
69458
78248
76144
68608
90968
84948
79342
78054
66372
74828
83184
76556
70028
77298
83278
34 round of counting
37092
2210
19537
35958
34080
55814
65295
1084
31244
1099
2401
2203
3615
7164
3637
11075
10302
6901
6894
11697622
10504756
15659
23778
30042
538077
126783
6370758
5087264
54397
62759
72863
79592
77051
68282
53298
1491709
1226048
1198699
1088186
19476
19462
20516
20530
1369438
1170793
1185900
1347345
4245528
4275231
4307763
5305464
5685747
5654113
6114252
6051490
5962159
4376992
13870
3609338
4159097
3691531
4013784
3877550
3526228
4842825
5266737
3578680
5885551
4368468
5404203
3917125
3531382
3956316
4901817
4816037
4743582
3690787
3976518
35 round of counting
0
0
0
0
0
0
0
0
0
0
0
0
0
0
0
0
0
0
0
0
0
0
0
0
0
0
0
0
0
0
0
0
0
0
0
0
0
0
0
0
0
0
0
0
0
0
0
0
0
0
0
0
0
0
0
0
0
0
0
0
0
0
0
0
0
0
0
0
0
0
0
0
0
0
0
0
0
0
36 round of counting
37092
2210
19537
35958
34080
55814
65295
1084
31244
1099
2401
2203
3615
7164
3637
11075
10302
6901
6894
11697622
10504756
15659
23778
30042
538077
126783
6370758
5087264
54397
62759
72863
79592
77051
68282
53298
1491709
1226048
1198699
1088186
19476
19462
20516
20530
1369438
1170793
1185900
1347345
4245528
4275231
4307763
5305464
5685747
5654113
6114252
6051490
5962159
4376992
13870
3609338
4159097
3691531
4013784
3877550
3526228
4842825
5266737
3578680
5885551
4368468
5404203
3917125
3531382
3956316
4901817
4816037
4743582
3690787
3976518
