0 round of counting
915123
899013
896216
894702
896425
899982
897741
901927
901692
921454
922205
921905
880412
880405
912597
925858
940352
916580
900907
950380
964492
902069
3557483
2653843
2502242
2411782
2238313
93888985
124053964
1312010870
1 round of counting
3128362
3098939
3021771
2987027
2964905
2955611
2952296
2956337
2955080
2967008
2976955
2972426
2925063
2917443
2956904
2978084
2992706
2956743
2938427
3002221
3012087
2946980
6233965
5113684
4852311
4695051
4452284
124828152
169135667
1961699290
2 round of counting
202
83
69
65
68
70
43
73
66
78
244
93
55
53
68
90
74
83
63
86
79
80
204
133
149
175
181
2207
2853
20995
3 round of counting
449
426
391
394
389
400
389
412
397
423
439
417
346
340
406
381
456
406
384
448
477
413
539
518
536
451
498
2602
2434
22212
4 round of counting
274
363
328
325
319
311
326
330
335
340
336
339
305
291
325
336
340
324
322
356
333
325
385
357
336
340
342
383
379
628
5 round of counting
8982
142
136
177
111
107
140
159
154
141
172
215
105
58
157
169
260
183
144
172
283
163
6619
5000
5578
4639
3286
302246
487870
17515477
6 round of counting
770639
741319
690811
664252
637456
625542
625388
610421
608385
604060
605487
595943
582140
573171
592073
597721
603972
594246
584838
606768
613981
590469
1659341
1295909
1223481
1200907
1127306
36353995
48859294
598141483
7 round of counting
27730
55189
80267
92151
95756
98721
99823
100199
99654
98752
99787
100907
100816
102749
101469
102475
101518
102287
101643
102288
101554
102101
102133
99925
101088
100723
100791
101936
94157
91853
8 round of counting
103796
89838
57395
38629
33098
29415
27625
26699
26786
25901
25999
24871
24890
23455
24415
23924
24322
24126
24466
24269
25389
27065
32447
31955
30611
29237
28927
336861
539403
17535608
9 round of counting
125695
125704
125670
125695
125666
125703
125688
125691
125663
125734
125724
125779
125605
125622
125720
125783
125840
125736
125679
125780
125825
125714
133072
131090
131040
130438
129117
437786
614232
17649322
10 round of counting
111614
116628
119478
121192
122647
123219
123450
123442
123654
123542
123947
123936
123801
123804
123990
123660
124205
123728
123798
124085
123966
123742
124025
123600
123642
123349
123405
124430
116449
107194
11 round of counting
136463
134341
134442
133120
132623
134173
133110
137745
136568
143741
147328
145722
128791
128619
140610
144361
148770
142864
134828
157270
162252
135086
1439133
997010
893831
841389
746394
47916358
65017043
771588370
12 round of counting
136656
134412
134690
133367
132294
134195
133239
138136
136771
144246
147741
146788
128795
128911
140884
144457
148691
143369
134932
157771
163203
135409
1478091
996363
894141
841846
747798
47951505
64982210
771603473
13 round of counting
417
337
329
333
346
327
321
349
337
346
374
333
330
296
345
325
346
329
338
356
330
352
421
344
377
375
368
1598
1612
12752
14 round of counting
633686
634879
636099
634190
634486
637670
635514
643387
641661
657688
663516
661512
622893
622998
651014
661548
673097
655162
639557
686965
699513
640445
3217380
2310937
2120304
2050568
1875930
88404761
118725703
1363706066
15 round of counting
648019
645308
646063
643769
644055
646903
644781
652310
650578
666473
672524
670491
631990
632025
660240
670757
682197
664781
649176
695712
709159
649723
3231070
2327148
2135636
2065298
1891777
88591103
119066730
1378560499
16 round of counting
12350
9906
10079
9821
9589
9566
9459
9376
9403
9360
9309
9274
9026
9052
9217
9178
9205
9164
9202
9129
9287
9186
15894
14011
13846
14159
12530
191697
333048
15362347
17 round of counting
499601
501154
501784
501000
502064
503838
502873
505093
504869
513716
515613
515070
494531
494388
510411
517124
524378
512700
504880
529216
536911
505399
1738238
1309497
1228351
1211550
1130463
40466040
53759046
591645906
18 round of counting
511777
510706
511405
510531
511326
513051
511878
514585
513969
522761
524942
523963
503172
503175
520042
526435
533609
521677
513650
538319
545834
514227
1754402
1321250
1237960
1224952
1139787
40621927
54061120
607166280
19 round of counting
12348
9660
9705
9493
9313
9153
9031
8851
8917
8812
8915
8961
8743
8825
8839
8911
9098
8921
9310
9342
9225
8972
15125
13361
13228
13232
12462
191183
331833
15346343
20 round of counting
32
8
0
0
0
0
0
0
0
0
0
0
0
0
0
0
0
0
0
0
0
0
0
0
0
0
0
1
3
18
21 round of counting
1
0
0
0
0
0
0
0
0
0
0
0
0
0
0
0
0
0
0
0
0
0
0
0
0
0
0
0
2
11
22 round of counting
26
11
0
0
0
0
0
0
0
0
0
0
0
0
0
0
0
0
0
0
0
0
0
0
3
2
0
0
5
12
23 round of counting
19015
17809
13596
12223
11931
11067
9799
15118
13972
13503
13927
14819
10303
10017
12479
14745
13399
12984
11774
16982
15502
11106
217417
145606
124661
117622
104656
7074587
9797558
129943373
24 round of counting
2
1
1
2
1
1
1
2
1
1
1
1
1
1
2
1
1
1
2
1
1
1
3
2
1
2
2
38
52
614
25 round of counting
127823
127673
127883
127674
127957
128398
128093
128696
128692
131440
131494
131432
125761
125762
130134
131867
133748
130606
128544
135129
137049
128683
528055
390171
364090
344317
316087
14952101
19971234
218889211
26 round of counting
273
155
165
115
84
102
80
287
220
337
569
482
42
38
309
348
399
365
135
686
846
134
32462
22682
19368
17947
15414
1205511
1668924
20454677
27 round of counting
129127
128827
129218
128826
128975
129820
129375
130669
130661
135334
135455
135360
125983
125982
132993
135595
138436
133834
130056
141280
144306
130333
794597
567529
520518
490872
443669
24022442
32011226
349595394
28 round of counting
504938
504926
504938
504926
506456
506483
505962
504965
504965
506591
506591
506591
501794
501794
506549
509175
511798
506567
506489
509256
511897
506495
542891
547614
551805
557363
557356
846004
855568
1134526
29 round of counting
2612606
2573784
2502060
2460521
2458468
2450125
2439925
2436933
2429328
2440922
2440427
2435128
2423390
2459665
2827989
2673432
2538480
2481907
2463427
2459418
2461686
2437488
2651629
2617997
2617976
2616414
2604363
8048998
9879967
82922414
30 round of counting
0
0
0
0
0
0
0
0
0
0
0
0
0
0
0
0
0
0
0
0
0
0
0
0
0
0
0
0
0
0
31 round of counting
0
0
0
0
0
0
0
0
0
0
0
0
0
0
0
0
0
0
0
0
0
0
0
0
0
0
0
0
0
0
32 round of counting
0
0
0
0
0
0
0
0
0
0
0
0
0
0
0
0
0
0
0
0
0
0
0
0
0
0
0
0
0
0
33 round of counting
0
0
0
0
0
0
0
0
0
0
0
0
0
0
0
0
0
0
0
0
0
0
0
0
0
0
0
0
0
0
34 round of counting
0
0
0
0
0
0
0
0
0
0
0
0
0
0
0
0
0
0
0
0
0
0
0
0
0
0
0
0
0
0
35 round of counting
0
0
0
0
0
0
0
0
0
0
0
0
0
0
0
0
0
0
0
0
0
0
0
0
0
0
0
0
0
0
36 round of counting
0
0
0
0
0
0
0
0
0
0
0
0
0
0
0
0
0
0
0
0
0
0
0
0
0
0
0
0
0
0
