0 round of counting
38327
18108
12332
16299
8643
10054
5492
6697
11873
12462
15261
12750
12640
15893
15913
12690
12636
12462
15281
12734
115930
151271
154069
121680
100586
116056
129128
87628
120332
152721
152594
120569
118948
148578
155434
123766
512535
422684
471222
472241
971084191
757239735
711746
850082
847782
714993
664588
828054
720160
547464
681992
754746
718121
551735
23210
14971
11877
8895
11853
12453
7335
359635492
618948916
1630914
1022740924
777107428
704555491
1095005809
798017090
853824090
762336742
1052602043
593470058
834631398
1162346787
1052886610
408852106
631936
1306116
1959755
2741199
3559924
4336785
5020620
5516646
6133301
6821330
7645814
8421253
9043389
10726295
11667129
12610282
13495189
14071747
87369490
980249348
1 round of counting
43665
22370
17934
21444
13453
13213
9559
10150
15817
14618
17263
16665
15794
17367
17296
16047
15209
13937
16618
18080
152192
176794
182550
156233
115121
104359
121439
93777
143905
167021
165021
148351
143842
161506
160921
139554
491317
391169
445552
443603
877481851
617193021
757884
768598
758975
674530
619450
709547
605936
498059
707491
685958
551279
450913
27294
15580
14416
10641
13910
14446
8733
262340891
533453920
1660007
1154014248
626966920
570944402
1288987331
632584825
727943165
614698658
1362053388
504815149
767778199
1366279474
1135643735
302492321
812360
1489507
2022760
2892180
3671990
4301977
5102910
5708829
6239277
7165456
7725070
8589838
9167073
11139904
11655036
12210572
13447524
14172485
82416292
953493824
2 round of counting
662
696
515
509
469
491
404
330
458
402
448
464
470
452
462
433
457
391
456
450
2517
2516
2346
2398
875
720
664
698
2254
2402
2583
2574
2459
2427
2498
2358
844
813
813
905
4220360
30089
8979
9045
9602
9121
9021
9263
9152
9495
9500
9541
9636
9436
831
432
450
387
470
453
333
52390
44341
306
4211941
4397527
4531789
4384456
4718043
3843347
4413681
4361850
2889069
3688031
4191365
4392705
104028
9095
17869
26475
14096
11323
33131
20668
16701
78646
38095
87178
82170
41514
42935
57094
69460
82859
88040
449452
4292720
3 round of counting
996
753
527
476
485
447
323
315
437
394
450
452
510
467
463
457
445
380
447
455
2317
2367
2453
2455
755
725
771
695
2442
2480
2371
2359
2368
2359
2502
2389
849
1075
998
835
4304702
93340
9661
4246
3064
2495
2486
2292
2529
2397
2571
2490
2304
2500
446
284
325
267
302
293
210
28795
39925
966
4475140
4545694
5681179
4512990
4861612
3863862
4506469
4426134
2870357
3551047
4513338
4867594
35066
9653
18158
28014
35465
20029
11708
18152
70908
20762
36051
76066
56041
98015
49410
124113
52470
141200
53399
446316
4563341
4 round of counting
274
13
5
0
4
0
0
0
0
0
1
0
0
0
0
2
0
0
0
0
47
8
1
3
0
0
2
1
0
1
3
1
0
1
2
0
20
2
1
2
12634
3415
483
18
53
42
3
8
0
1
0
0
3
0
9
1
1
0
0
0
0
744
2628
624
11535
9780
10926
10492
9322
10508
12147
10469
7025
10895
11571
9902
1255
446
52
51
19
15
11
294
657
21
32
324
674
35
304
905
665
42
39
1230
9896
5 round of counting
925
920
678
838
672
628
493
475
627
585
657
631
667
669
637
627
640
569
619
652
3556
3640
3641
3595
1005
959
1011
959
3591
3540
3456
3554
3567
3525
3812
3543
1349
1461
1376
1519
7894654
1479973
14377
14917
15191
15261
15308
15612
14793
14704
15306
15234
14958
14449
872
579
648
576
692
614
511
425282
4585660
646
17766538
8248317
8506932
23412799
8455930
8636967
7835454
27893142
5751677
9307319
24080892
18039111
627996
14154
28311
43187
49254
22253
37239
75827
70698
49927
55043
73945
67840
86889
126407
135561
142315
116837
154013
888816
8741984
6 round of counting
8044
7086
6028
7609
4418
4861
2998
3465
5607
5740
6684
5971
5823
6917
6828
5775
5750
5538
6594
5854
52359
63939
64695
54795
42289
44194
50015
35304
52829
63444
63863
54521
53316
61815
65985
55104
188068
149764
171569
170220
330670091
237648736
272634
320257
318268
267639
246818
302842
268893
207308
271190
291805
273736
210635
10623
6748
5592
4267
5563
5740
3557
115982281
208082506
836363
380512175
262845313
233432932
421757212
270354567
294472428
254640421
432448900
194714262
280374971
444738880
398594381
140158415
260207
521840
791101
1025247
1295873
1600200
1920643
2111622
2271011
2555734
2911912
3229650
3423949
3881696
4152335
4556988
4963101
5084488
30116758
336012802
7 round of counting
283
18
10
1
1
2
0
0
1
1
0
0
1
0
0
0
0
0
3
0
58
5
2
2
0
0
0
0
0
0
0
2
1
0
0
1
27
0
2
5
76698
54714
550
28
31
12
13
5
6
0
33
64
4
2
12
0
0
0
0
0
0
4577
70161
1208
321995
87556
55876
135837
62048
53652
53101
194616
38725
52347
96418
108289
6614
529
39
55
38
52
27
33
20
19
5
55
63
45
403
1491
1467
1067
55
3260
148925
8 round of counting
267
219
161
188
177
176
153
148
159
159
164
159
162
162
165
162
164
159
162
164
1094
1112
1146
1152
283
252
297
261
1144
1132
1117
1150
1108
1178
1286
1141
545
622
579
634
5326891
2926093
2460
2359
2430
2334
2501
2661
2100
1841
2616
2630
2215
1823
201
142
142
135
124
136
133
502593
4918034
26347
14106218
4425111
4289878
19484489
4357616
5064557
4178188
24112511
3519087
6525314
20514809
14803617
634199
4845
9802
15515
20467
10634
25660
26276
25081
22156
35658
32291
31713
45554
52293
57985
73545
80628
66559
503545
5731867
9 round of counting
238
213
163
168
165
158
154
146
159
155
167
159
157
161
162
157
161
150
166
159
1030
1059
1058
1086
260
246
291
258
1089
1124
1084
1069
1102
1096
1173
1100
550
605
654
602
5484794
2988904
5304
5581
5460
5250
5514
5771
5219
4773
5570
4036
2303
1861
180
129
128
125
123
132
132
509775
4984655
26521
14594439
4568479
4250122
19718573
4643925
5225172
4407912
24505916
3617133
6670413
20671508
14942263
651452
5001
9563
15300
19672
9983
32035
27868
18248
32314
34273
39024
43079
44332
71269
81492
80393
97013
80670
498125
6095371
10 round of counting
18
0
1
1
0
0
0
0
0
2
0
0
0
0
0
0
0
0
0
0
9
0
0
0
0
0
0
0
0
0
0
0
0
0
0
0
9
0
0
0
66831
56747
89
1
4
0
0
72
152
2
8
0
2
0
4
0
0
0
0
3
0
9995
72998
1011
311570
77832
46429
127354
47469
45867
44570
183748
28551
44700
88426
83797
4010
83
13
13
94
189
35
33
10
1
73
307
61
35
9
110
355
83
389
1835
106800
11 round of counting
14266
10736
8281
10004
6321
6204
4146
4176
7433
6678
8161
7624
7748
8512
8504
7659
7220
6224
7883
7643
77886
84217
85068
79296
58680
51255
60642
47902
77649
92320
87085
78606
76506
80119
89049
79900
260478
203220
235888
231780
426236465
294292022
344983
365621
369965
333708
295183
332534
278546
238133
369972
364510
302986
241799
15051
8233
8111
5665
7860
7772
4600
120911584
218394069
405014
380936968
285474215
263263239
425520210
291529707
342584571
282936486
414490090
246903371
367427807
469325147
414647157
136161578
381250
696286
1015301
1356533
1946866
2188366
2480225
2841734
3172720
3394040
4007249
4207340
4491215
5175576
5608619
6049714
6566969
6839474
41614707
453931219
12 round of counting
14708
10799
8563
9975
6405
6447
4178
4129
7552
6613
8103
7897
7708
8584
8202
8372
7436
6207
7777
7607
77815
85843
92068
81842
60564
51507
61677
49147
74531
83521
87249
76616
74837
81135
89116
78689
259495
202711
231970
232884
431208390
293806218
346589
377038
374040
346975
297396
332823
293721
236866
361064
365654
301734
238290
14606
8255
8006
5773
8153
7988
5169
121004307
216174566
398111
376395623
283753324
262840330
425622970
292008091
342024663
286964495
416597518
246529144
369100220
466022730
411774458
139419557
385559
684042
1010652
1358210
1855864
2107197
2565395
2679042
3074432
3343135
3753906
4526043
4444871
5277263
5850347
6153508
6643974
6878703
41024180
454288314
13 round of counting
862
638
444
456
418
407
333
321
441
414
434
413
411
429
395
422
422
405
404
438
2100
2232
1965
1997
775
585
538
549
1840
1952
1908
1831
1911
1889
2011
1809
699
598
603
651
3793989
18084
7883
7355
7611
6464
2486
2560
2383
2543
2408
2390
2368
6068
861
396
424
389
409
407
329
4747
24267
829
4179054
4373192
3761068
3931211
3755948
3561682
3896075
3801532
2453704
3693029
3864855
3813852
6448
7329
13733
20423
27392
20235
13391
18671
56632
61319
22049
75380
30770
40153
47901
101706
41915
76570
110957
365849
3918960
14 round of counting
21219
17442
14175
17695
10228
10611
6512
7209
13069
12512
14614
13821
13338
15657
14971
13261
13160
12363
14506
13088
135568
154646
156840
138024
107590
103345
120742
90628
132735
152618
153451
136948
134123
154325
159683
134299
498125
391509
448135
440681
807583573
576580539
660456
731199
748667
644300
579014
684730
551652
433165
644886
650205
560528
440956
24500
14372
12784
9346
12526
12773
7440
270277832
451227817
1525803
747756780
584873467
528720032
846099552
599477229
686638505
576577329
815439385
470069202
690639041
904245879
823218419
308157027
677938
1346315
2044168
2782031
3493228
4091908
4722491
5400659
6130007
6501688
7289766
8212410
8769075
9849182
11050310
11588576
12419250
12946726
77121351
846455885
15 round of counting
24445
20345
14482
17967
10446
10249
6319
7054
12904
11852
14817
13589
13242
15593
14936
12894
12600
11623
14527
12784
129915
148249
150217
131723
107017
103250
120794
91228
125755
144076
144557
125710
124782
139464
153151
130965
495088
388005
444168
438978
811921774
578674888
681635
746850
759337
661019
588545
689932
557182
437401
646386
656073
568374
449184
25284
14643
13230
9532
12693
13194
7794
270171408
457680161
1272958
775855784
589584517
550709829
869685940
610051343
695002088
587307791
847416126
479315566
707915684
934516598
846880175
308764110
698711
1394407
2027652
2682872
3379613
4168738
5019139
5503522
6219198
6956500
7389767
8205856
9095873
10226068
10993549
11796116
13101432
13173309
78208688
851304865
16 round of counting
1056
841
592
623
603
558
509
505
569
526
527
558
531
564
585
548
556
531
550
567
2924
2997
3276
3323
961
790
804
797
3004
3071
3032
3069
3057
3008
3268
3024
1423
1198
1093
1116
9075255
2688262
13420
12981
12859
12760
12590
12836
12273
11887
9583
5106
4772
4402
690
437
436
405
414
418
388
371736
4492684
13507
17349970
7876891
7636939
22650212
7633744
7876622
7703270
27574332
5646719
9397089
24164059
17981702
522065
11876
8739
12429
15758
59623
72004
71914
34350
70135
115645
122069
71576
60060
94438
195888
169939
100617
131751
844730
9152461
17 round of counting
7491
6916
6010
7793
4018
4462
2581
3116
5669
5728
6918
5969
5774
7304
7289
5881
5710
5633
6877
5895
58859
72112
75075
61945
50990
53655
60854
43296
59682
71971
72536
60720
59475
70972
75077
62013
237107
189208
215528
214576
386181070
281528532
325164
381978
385084
324356
289447
362814
311747
239665
320402
340505
312952
243309
11181
7125
5584
4131
5535
5805
3263
149115791
240677851
988328
383421701
304027322
272750005
423735883
315708372
350037246
299205659
411323355
230820261
327499287
444178775
418594528
171942154
304567
623394
944712
1280274
1621768
1964223
2289462
2548138
2852276
3173073
3566323
3898707
4209218
4750013
5130143
5528981
5872675
6154186
36344781
392890149
18 round of counting
7511
7184
6101
7886
4163
4760
2706
3235
5853
5863
7198
6160
6002
7467
7218
5958
5810
5812
7059
5959
59600
73422
74509
62373
50523
53499
60637
43667
60532
73462
73582
61560
59905
71435
76104
63726
238054
189438
215647
214624
390820383
283869902
330669
394003
386295
325797
293209
362250
318474
240597
321020
348838
321516
248000
11317
7199
5800
4309
5795
5995
3391
149538599
243400125
1070714
396688236
307341366
276386832
442711527
319940282
354196508
302570077
434313640
237765620
333239042
464309063
432742034
172654497
309483
627961
948494
1285127
1637223
1985029
2308477
2592809
2882373
3207488
3597120
3935293
4243754
4786277
5159615
5587072
5966489
6234279
36770086
397626646
19 round of counting
243
210
158
169
169
167
152
140
150
156
167
158
161
160
162
163
164
158
160
158
991
1026
1085
1010
251
244
262
257
1014
1020
1014
1029
1025
1031
1138
1111
518
493
568
552
5001491
2667959
5013
3054
2236
2096
1973
2377
1823
1638
2129
2119
1886
3566
210
161
172
157
157
157
153
356588
4477681
17123
13634630
4205378
3993556
19133262
4165525
4516007
3952968
23701288
3310352
5908394
20134999
14293557
509900
4701
9688
14707
19614
19155
12072
18192
35625
16718
28093
32693
35209
63520
42211
69707
50003
70202
103586
481429
5587919
20 round of counting
3
0
0
0
0
0
0
0
0
0
0
0
0
0
0
0
0
0
0
0
1
0
0
0
0
1
0
0
0
0
0
25
10
0
0
0
3
0
0
0
5333
4718
67
16
0
0
0
1
0
0
0
0
0
0
1
0
0
0
0
0
0
1338
8477
447
18888
9010
5714
16238
7471
5566
5578
18226
5537
5016
11183
11646
2336
11
5
2
30
24
10
7
5
30
60
50
28
6
13
35
153
70
31
547
6390
21 round of counting
21
4
3
1
1
1
1
1
1
1
1
1
1
1
1
1
1
1
1
1
21
31
31
20
9
1
1
2
17
25
20
26
20
29
28
22
6
1
1
6
13715
246
212
35
9
5
14
0
1
0
3
10
20
6
6
0
1
0
2
0
0
0
47
50
16271
17854
14482
22053
18215
21981
20555
25340
11447
19641
18705
14770
102
81
225
299
424
973
708
168
52
221
50
411
389
859
1091
137
361
214
337
4018
18864
22 round of counting
20
3
2
1
1
1
1
1
1
1
1
1
1
1
1
2
1
1
1
1
22
18
30
12
9
1
1
1
18
27
22
20
22
18
23
20
9
1
8
1
23355
5446
210
114
107
91
175
158
109
122
104
142
104
98
10
1
1
1
3
1
1
746
8502
505
37846
29869
24938
30747
30404
20211
22281
31957
15764
21537
23696
27201
2363
142
47
15
10
93
99
131
409
920
993
223
310
499
43
220
217
164
1517
4367
23623
23 round of counting
28364
10742
7194
7662
6052
5922
4938
4600
6475
6707
6341
6375
6012
6252
6053
6202
5961
5472
6088
6141
46674
42767
45538
39451
18879
13223
14928
13684
23290
23908
22945
23609
22690
28596
27796
24907
51116
36808
42903
88675
141472107
54759509
224855
179265
189029
183381
176066
163911
160909
146746
186855
151287
77843
66429
8477
4430
4658
3896
4719
4472
3557
9946765
22596273
131803
103460694
89515817
93803529
116614282
87744868
92015751
86224916
114292452
72586966
102548019
128569327
111921910
11059601
199517
319080
475468
473702
519845
973173
1116713
774648
1298602
995931
1778180
1864556
2022265
1621231
2421114
2344827
2781583
1827113
11910363
145259626
24 round of counting
0
0
0
0
0
0
0
0
0
0
0
0
0
0
0
0
0
0
0
0
0
0
0
0
0
0
0
0
0
0
0
0
1
0
0
0
0
0
1
0
381
261
1
1
2
0
0
1
0
1
0
1
0
0
0
0
0
0
0
0
0
111
228
1
492
270
265
554
262
304
263
675
226
324
612
491
247
0
1
1
1
2
16
1
3
6
3
5
5
20
4
8
7
13
11
36
400
25 round of counting
1742
1862
1658
2146
1153
1311
760
890
1591
1587
1949
1701
1678
2054
2048
1691
1685
1587
1951
1696
16136
20156
20265
16733
13879
15291
16828
12262
16632
20326
20340
16742
16573
19889
20548
17111
76589
64823
71195
71223
157201314
128366561
98280
112718
112572
97871
87806
106377
98435
79693
92184
100982
98595
79908
2818
1916
1576
1207
1598
1665
970
53298256
98305676
70362
143333123
122212099
114572889
162811831
124814050
124823280
120384172
155069337
96933369
132145856
173706371
154749290
58462713
91853
191891
284759
409085
539337
659387
761404
816650
907880
1013492
1130396
1249865
1341751
1660894
1814314
1961892
2101581
2192226
14005372
160378614
26 round of counting
395
241
180
212
152
260
86
71
195
102
144
168
150
150
132
142
114
72
119
122
2378
2311
2332
2441
2215
1402
1766
1490
2064
2179
2107
2180
2054
1953
2324
2340
7619
5652
6629
6574
7910523
4658310
7289
6622
6679
6450
5349
5119
3721
3551
9111
7899
4302
3229
460
133
169
78
160
158
55
1685125
2896722
301
5255451
3303419
3113003
7201863
3342180
5574129
3370691
6616369
4206545
7130407
7941632
6811923
1838044
11052
19864
29181
41219
48536
56746
66465
75593
81662
91977
101109
110425
122696
133302
142729
155044
166022
173406
939423
9860765
27 round of counting
3115
3314
2982
3867
2069
2480
1344
1676
2829
3127
3776
3079
3041
3969
3967
3058
3045
3127
3780
3076
27804
37548
37931
28903
24246
29402
32271
21474
28796
37802
37783
28819
28503
37008
38259
29460
128583
108030
118995
119082
255782667
207657307
166498
204309
203755
167130
160503
205897
183397
135982
162342
185131
182995
137097
5506
3748
2819
2148
2851
2993
1857
96945884
167210606
347270
259344597
209505130
189711225
257202468
215108150
222026180
205428533
250077896
152743727
213717480
277158888
259161631
110409167
153198
319215
477528
674446
880811
1071901
1237553
1347490
1506117
1681042
1870550
2062393
2221391
2668830
2904402
3130169
3351975
3513975
21937508
247722590
28 round of counting
27
27
32
37
18
18
14
14
32
17
32
32
32
32
32
32
32
17
32
32
195
195
195
195
194
128
170
140
195
195
195
195
195
195
195
195
808
454
670
652
925017
472568
941
941
941
941
941
941
941
941
941
941
941
941
43
19
32
17
32
32
14
25022
325034
18
925017
925017
925017
925017
925017
832517
925017
925017
606216
808290
925017
925017
25022
941
1869
2789
3717
4641
5569
6489
7417
8341
9269
10189
11117
12041
12969
13889
14817
15741
16669
92517
925017
29 round of counting
2117
1597
1501
2211
1153
1372
875
1129
1738
1836
2094
1592
1618
2175
2284
1527
1614
1940
2188
1754
16763
19501
21600
16272
12926
16091
18073
11599
16409
20796
20193
15060
15866
20154
20682
15409
65904
53317
58912
63963
110555344
86746152
112000
130368
119517
103109
92241
114154
90455
75743
107067
117031
94661
71750
3577
2310
1762
1527
1824
1764
1158
56192738
163740805
640344
511495688
126689774
86378133
571092760
107639952
132903839
99792635
664310953
74395397
125220381
591269327
426291164
75560573
90580
176310
288423
423258
500944
612121
709335
820533
901141
1040941
1140794
1282810
1329834
1484745
1549228
1718826
1820354
1887883
11597633
140650854
30 round of counting
0
0
0
0
0
0
0
0
0
0
0
0
0
0
0
0
0
0
0
0
0
0
0
0
0
0
0
0
0
0
0
0
0
0
0
0
0
0
0
0
0
0
0
0
0
0
0
0
0
0
0
0
0
0
0
0
0
0
0
0
0
0
0
0
0
0
0
0
0
0
0
0
0
0
0
0
0
0
0
0
0
0
0
0
0
0
0
0
0
0
0
0
0
0
0
0
0
31 round of counting
0
0
0
0
0
0
0
0
0
0
0
0
0
0
0
0
0
0
0
0
0
0
0
0
0
0
0
0
0
0
0
0
0
0
0
0
0
0
0
0
0
0
0
0
0
0
0
0
0
0
0
0
0
0
0
0
0
0
0
0
0
0
0
0
0
0
0
0
0
0
0
0
0
0
0
0
0
0
0
0
0
0
0
0
0
0
0
0
0
0
0
0
0
0
0
0
0
32 round of counting
0
0
0
0
0
0
0
0
0
0
0
0
0
0
0
0
0
0
0
0
0
0
0
0
0
0
0
0
0
0
0
0
0
0
0
0
0
0
0
0
0
0
0
0
0
0
0
0
0
0
0
0
0
0
0
0
0
0
0
0
0
0
0
0
0
0
0
0
0
0
0
0
0
0
0
0
0
0
0
0
0
0
0
0
0
0
0
0
0
0
0
0
0
0
0
0
0
33 round of counting
0
0
0
0
0
0
0
0
0
0
0
0
0
0
0
0
0
0
0
0
0
0
0
0
0
0
0
0
0
0
0
0
0
0
0
0
0
0
0
0
0
0
0
0
0
0
0
0
0
0
0
0
0
0
0
0
0
0
0
0
0
0
0
0
0
0
0
0
0
0
0
0
0
0
0
0
0
0
0
0
0
0
0
0
0
0
0
0
0
0
0
0
0
0
0
0
0
34 round of counting
0
0
0
0
0
0
0
0
0
0
0
0
0
0
0
0
0
0
0
0
0
0
0
0
0
0
0
0
0
0
0
0
0
0
0
0
0
0
0
0
0
0
0
0
0
0
0
0
0
0
0
0
0
0
0
0
0
0
0
0
0
0
0
0
0
0
0
0
0
0
0
0
0
0
0
0
0
0
0
0
0
0
0
0
0
0
0
0
0
0
0
0
0
0
0
0
0
35 round of counting
0
0
0
0
0
0
0
0
0
0
0
0
0
0
0
0
0
0
0
0
0
0
0
0
0
0
0
0
0
0
0
0
0
0
0
0
0
0
0
0
0
0
0
0
0
0
0
0
0
0
0
0
0
0
0
0
0
0
0
0
0
0
0
0
0
0
0
0
0
0
0
0
0
0
0
0
0
0
0
0
0
0
0
0
0
0
0
0
0
0
0
0
0
0
0
0
0
36 round of counting
0
0
0
0
0
0
0
0
0
0
0
0
0
0
0
0
0
0
0
0
0
0
0
0
0
0
0
0
0
0
0
0
0
0
0
0
0
0
0
0
0
0
0
0
0
0
0
0
0
0
0
0
0
0
0
0
0
0
0
0
0
0
0
0
0
0
0
0
0
0
0
0
0
0
0
0
0
0
0
0
0
0
0
0
0
0
0
0
0
0
0
0
0
0
0
0
0
