0 round of counting
40318
16004
5795
25477
28677
34840
38519
257576
263297
358060
1075735
9011842
2810502
2818341
2972915
4834571
11870620
100676633
30808962
30730381
44046816
53165433
64300513
75079802
91883167
99974625
109203790
124112482
129721507
21013
51808
6625
80810884
54962
26207
32727
33612
1 round of counting
38384
22633
13881
41126
45305
50081
53992
336389
356181
426044
908831
6241684
2979532
2913223
3063626
4574099
8741739
67674246
31401298
32496292
42243277
48093456
55936489
61420666
73539032
81723148
89905395
97341201
99270440
30887
52012
12751
56762591
65556
41346
45772
46822
2 round of counting
1364
969
573
1543
1697
1754
1737
11135
11496
11488
11542
11877
49973
92073
45420
101861
107134
106116
813226
660305
663173
605851
629659
566529
645906
596671
605565
604695
768375
1085
1920
564
1837
1518
1511
1480
1454
3 round of counting
1460
941
563
1495
1689
1799
1720
11490
11530
11639
11795
12081
105920
107272
74694
59423
32945
57442
672637
632242
613154
615194
699405
620816
646038
879091
922374
826725
731684
1526
1918
547
25582
1751
1557
1563
1530
4 round of counting
12
8
1
0
0
4
0
11
22
21
7
23
367
462
663
464
13
34
678
1148
2022
464
1542
1559
2275
1470
1565
822
2212
389
12
13
29
2
5
0
0
5 round of counting
2047
1323
826
2282
2511
2697
2683
17613
17895
17905
17945
20177
166601
71543
118618
125436
169499
219780
963129
1026797
1122279
1270046
1424740
1285681
1236748
1313087
1320381
1292270
1506932
1648
2983
829
12059
2409
2317
2285
2355
6 round of counting
12555
6934
3883
14006
15614
18028
19493
127001
132241
168080
453191
3384046
1301061
1343386
1382970
1950512
4546359
36766507
13325928
12934884
18105260
21463744
25387723
29042248
35384691
39182630
41306334
46903734
49100076
12568
25665
4195
30612893
25320
14090
16567
16968
7 round of counting
4
4
0
0
0
0
0
12
14
1
7
1
11
31
819
540
30
19
509
1765
2502
1772
785
1208
1747
2167
1725
2190
1201
26
3
19
72
25
3
0
0
8 round of counting
585
415
269
798
839
921
937
3290
2463
2436
2668
8490
40908
45241
28842
45575
46289
108647
459392
506076
420129
457517
530280
558177
577768
583701
620624
671933
660406
582
1070
286
9023
827
809
809
832
9 round of counting
612
424
283
799
852
911
923
6047
6274
6412
6676
7967
61344
56434
32083
64235
54843
86036
490735
550647
451761
487099
634221
576263
611753
619041
623413
681477
730217
347
516
170
8892
813
776
785
793
10 round of counting
0
0
0
0
0
0
0
2
4
1
2
2
6
157
101
124
244
123
578
669
889
1107
864
329
1185
1574
1255
866
729
60
2
4
5
1
0
0
0
11 round of counting
17518
10727
6212
18653
20414
23430
24240
154811
165024
192376
369846
2371858
1268986
1339614
1429378
1911727
3434568
26026906
14541669
14591211
18747183
20958706
23654506
25823018
31025880
33915158
34650593
39005366
40311521
18373
30661
6405
21318014
29484
19172
20317
21023
12 round of counting
17695
10544
6069
18323
20706
23773
23903
155426
166817
192239
367066
2342468
1566659
1629385
1698283
2141371
3540888
26080690
13405725
15721244
19496610
20802366
23796912
25931903
30367696
33101889
33905774
39142007
40456741
18751
30474
6387
21298924
26061
18520
20117
20649
13 round of counting
1204
811
541
1263
1367
1475
1398
8950
9091
9303
9441
9562
76547
39086
44846
33604
84082
60299
628506
554085
566394
613757
595220
571064
482885
470068
536660
662399
659014
1234
1651
524
1420
1289
1247
1246
1246
14 round of counting
31386
17028
9389
31756
36190
42053
44290
290062
304866
364162
877023
6630785
2746448
2502554
2512389
4263511
9261734
72859697
25676795
26776552
37039844
43108422
51217376
58473414
73014353
76467529
82999886
93324440
97463906
24254
47745
8356
60825289
52971
30294
34907
35991
15 round of counting
29837
16719
9399
31637
35185
41149
43614
283026
299186
370237
882918
6590271
2450926
2898978
2654254
3975434
9515724
73490603
27754828
27862179
38750313
44089259
52449791
61661810
72373693
77718032
85083370
96636411
100132684
30263
56966
10275
60816628
53568
32119
36710
37574
16 round of counting
1882
1270
804
2035
2071
2535
2594
15016
15432
15301
15577
16865
115395
88272
66907
53699
131099
183134
977925
930482
889429
1037336
912801
877306
1274527
952474
920399
1060971
1183089
1302
1257
540
9395
2212
2051
1999
2033
17 round of counting
11529
5727
2964
12066
13740
16553
18509
118862
123502
169701
508551
4289905
1234777
1288962
1355604
2250102
5562254
47159604
13126895
13540405
19669417
24062797
29280486
34223822
42016877
45795867
50089277
56910033
59472137
10752
25125
3299
39449864
26616
12472
16036
17035
18 round of counting
12119
6080
3185
13062
14853
17737
19784
125317
126163
171724
511371
4289641
1270491
1342123
1372898
2283997
5613770
47299783
13653261
13881216
20119968
24608439
29602099
34854559
42572192
46411947
50734633
57805528
60290202
10767
25798
3597
39444378
27406
13163
16381
16865
19 round of counting
600
423
248
771
808
876
877
6092
6298
6278
6406
7443
57839
61430
35050
29597
53943
63282
447684
407214
451741
577095
557812
479442
546721
561035
509938
629441
643825
312
473
155
7326
801
772
755
775
20 round of counting
2
0
0
0
0
0
0
0
0
0
0
0
33
38
9
42
3
4
153
180
115
86
101
181
147
137
223
197
203
10
0
1
1
0
0
0
0
21 round of counting
3
2
1
2
0
0
0
0
4
0
3
2
6
21
9
9
133
27
193
208
138
146
94
500
37
364
255
795
619
27
1
5
5
2
1
1
0
22 round of counting
4
6
0
0
0
0
0
86
40
3
1
2
2
4
6
4
2
110
304
168
407
258
531
1265
379
570
1300
404
519
23
1
3
38
24
0
0
0
23 round of counting
27943
15033
8624
20339
21729
23724
23012
146512
155501
157472
160014
184276
1265797
876133
1421533
1402487
1482494
1954376
10901201
10855579
11222310
12934129
10158583
12605411
13063632
11503729
12360202
12971486
12293046
26656
27374
8692
300021
20470
20991
20044
20979
24 round of counting
0
0
0
0
0
0
0
0
1
0
0
2
0
0
2
3
11
31
17
11
18
20
26
28
32
34
38
53
299
0
0
0
25
0
0
0
0
25 round of counting
3108
1620
819
3517
3978
4821
5272
34940
36018
48344
141217
1167694
378359
381061
412433
635610
1533496
12841262
4181039
4161973
5877973
6974471
8365161
9715059
11824135
12834080
14000969
15893049
16576377
2892
7090
932
11101855
7419
3643
4457
4612
26 round of counting
327
181
104
266
320
367
363
2056
2242
2494
2548
4945
15200
21630
23756
26633
28458
51548
179826
223446
255021
257141
271255
271504
262332
271945
273147
269934
284278
341
417
99
61614
342
283
265
303
27 round of counting
5220
2680
1352
5811
6595
8034
8858
60687
61677
84179
257467
2170217
682631
677129
713241
1163801
2888651
24635133
7742777
7589894
10883597
13061233
15835723
18490047
22653288
24657267
26944529
30647746
32048068
4822
12034
1550
19602923
12829
6047
7526
7759
28 round of counting
0
0
3
0
0
0
0
0
14
14
42
42
0
226
226
478
478
478
0
4054
4054
4054
4054
4054
8150
8150
8150
8150
8150
0
0
3
3
0
0
0
0
29 round of counting
3238
1344
648
3115
3207
4262
5203
30300
31064
52596
213465
2098593
368508
422405
403226
820269
2414127
21576771
4353636
4677325
7245981
9780270
12420663
14679647
13296415
21076588
22309723
26544647
27946888
2958
8579
1552
19660515
10320
3164
4801
4898
30 round of counting
0
0
0
0
0
0
0
0
0
0
0
0
0
0
0
0
0
0
0
0
0
0
0
0
0
0
0
0
0
0
0
0
0
0
0
0
0
31 round of counting
0
0
0
0
0
0
0
0
0
0
0
0
0
0
0
0
0
0
0
0
0
0
0
0
0
0
0
0
0
0
0
0
0
0
0
0
0
32 round of counting
0
0
0
0
0
0
0
0
0
0
0
0
0
0
0
0
0
0
0
0
0
0
0
0
0
0
0
0
0
0
0
0
0
0
0
0
0
33 round of counting
0
0
0
0
0
0
0
0
0
0
0
0
0
0
0
0
0
0
0
0
0
0
0
0
0
0
0
0
0
0
0
0
0
0
0
0
0
34 round of counting
0
0
0
0
0
0
0
0
0
0
0
0
0
0
0
0
0
0
0
0
0
0
0
0
0
0
0
0
0
0
0
0
0
0
0
0
0
35 round of counting
0
0
0
0
0
0
0
0
0
0
0
0
0
0
0
0
0
0
0
0
0
0
0
0
0
0
0
0
0
0
0
0
0
0
0
0
0
36 round of counting
0
0
0
0
0
0
0
0
0
0
0
0
0
0
0
0
0
0
0
0
0
0
0
0
0
0
0
0
0
0
0
0
0
0
0
0
0
