0 round of counting
744792
725071
720420
723278
720419
720419
745874
720301
724406
724151
726193
726194
728909
728909
731625
731626
727551
47451524
55218857
731682
50834340
730320
35805971
726234
724852
55204794
50833415
50526121
730320
722127
724852
33094543
733098
45919433
731682
731662
52408914
35827784
730320
55208898
37504043
722148
727575
728938
29225702
32489723
38087504
722148
728937
44402995
723510
46163230
30920267
720786
52179568
727596
723490
726213
728937
54150081
51890015
722148
728937
38832034
49220694
55218437
724872
720765
55207092
38454468
50029351
728958
38058831
34250057
726235
733077
31042728
722149
37008716
44519318
55208904
727596
47498521
722148
726213
46249568
55207274
35490011
55178942
730321
45215278
720787
728937
723489
42188749
723510
33465524
47779647
52328891
21967810
54853489
720786
1 round of counting
616040
533037
526735
526542
524019
524145
1247903
661923
532282
534244
528761
527883
529694
535797
539090
539609
528697
36396769
37242591
533757
34593373
537515
23988245
535101
529628
38026565
34880890
34274506
531748
526474
533879
21293530
560113
29463571
536118
532235
33548749
23123245
535664
36406282
24702273
528132
529333
528962
19010760
21462578
25276042
525797
529657
29438555
526679
30513275
20466185
525105
34417324
529680
526022
527905
531318
36897083
38162600
528505
530224
28554096
36200197
40797050
528420
524271
39888258
26908134
37758939
532663
22593259
25110353
528476
532450
22827998
525679
27504667
33563842
41507542
529744
35916696
525827
530452
34484512
41266272
26695809
41476097
532402
33988934
524909
532251
526792
31715011
529227
25140808
35937665
39343298
12512630
40658821
525011
2 round of counting
410
301
164
184
169
235
279
158
178
191
261
187
192
200
266
207
196
80602
58140
231
60030
243
25955
246
178
63571
85273
118436
294
183
174
84967
328
114088
252
203
101407
79685
247
117846
77932
222
254
176
51101
63122
68084
257
194
96403
224
95868
64493
236
78824
219
171
257
183
126111
140549
224
210
129413
131639
134095
243
234
158463
104356
123468
240
121609
82129
253
208
106290
270
63064
98544
140460
266
110975
268
171
108691
77425
61713
111223
245
113732
223
198
169
95415
221
96613
158816
127208
96597
162051
238
3 round of counting
437
333
169
184
164
171
373
162
203
202
274
200
221
222
296
226
211
105607
147938
274
111005
279
74990
238
178
110971
99805
108797
250
179
252
88087
267
86136
250
195
78160
69090
244
91483
42050
229
240
180
26016
27369
27023
206
187
50817
224
62923
52677
219
105708
267
178
187
193
92675
111852
218
198
68954
84169
82110
221
160
170785
93352
125186
247
71323
87412
280
220
76183
260
85579
129627
159285
250
126435
228
242
144180
144254
100093
134105
255
128055
210
191
169
97156
222
100605
112546
118782
65142
91500
229
4 round of counting
43
9
0
1
2
0
0
0
2
0
0
0
0
0
0
0
0
4
1
2
3
0
4
0
0
10
12
19
6
0
3
7
2
18
6
1
16
16
4
13
12
4
0
0
4
12
19
3
2
11
1
13
7
5
3
0
1
0
0
4
11
12
0
0
8
9
3
1
4
6
13
7
18
18
5
0
6
10
1
8
8
1
12
3
1
12
11
18
26
7
10
9
2
2
29
3
2
6
10
8
15
9
5 round of counting
949
664
484
505
614
567
704
485
653
600
528
522
561
670
632
576
547
202382
91525
595
166346
605
101624
585
521
132789
140372
192253
579
618
567
159519
609
190050
603
671
200599
134146
600
165259
171991
551
531
554
130638
138372
145745
687
565
212795
574
204012
119332
539
180760
600
523
505
663
255358
220244
682
603
143774
205834
181275
558
576
195821
146084
181702
589
118188
107641
570
666
90848
552
114525
144613
134465
621
209286
608
524
175374
137415
81793
142892
613
120488
591
548
540
148145
582
93343
136234
145907
49171
199177
555
6 round of counting
248036
246418
245992
246867
246308
246048
254571
245880
247586
247447
247896
247799
248667
249063
249841
249499
248189
15841857
18528958
249853
16936401
249340
11964861
247998
247538
18438256
16947480
17007572
249545
246527
247862
11153687
250607
15446234
250020
249760
17579036
11958810
249857
18396053
12549697
246616
248392
248766
9766323
10817045
12705306
247062
249042
14875264
247510
15533047
10413800
246276
17496901
248547
247006
247864
249036
18171720
17397619
247127
248912
13104532
16555793
18474471
247571
246557
18474016
12869205
16710676
249204
13546053
11474119
248369
250255
10393658
246547
12375651
14932417
18504098
248831
15993152
246624
247925
15593053
18675107
12017626
18534133
249353
15345767
251280
250822
248277
14267513
247083
11342060
16128292
18025711
7909926
18364847
248352
7 round of counting
37
9
0
0
1
0
0
1
0
0
0
1
0
0
0
0
0
2
4
6
6
2
4
3
0
10
30
20
2
2
0
4
3
4
4
0
7
9
1
13
20
6
1
0
11
14
13
1
2
12
2
14
6
4
11
1
0
2
1
14
34
1
2
9
17
20
1
2
19
14
8
3
10
21
1
2
9
0
9
14
17
3
17
3
1
17
19
16
19
4
13
6
1
1
8
5
6
13
16
11
17
6
8 round of counting
415
335
318
336
459
322
338
326
465
343
341
326
456
343
355
357
343
89249
15394
354
97865
354
67635
345
343
98212
95059
95913
359
329
331
63586
339
88468
366
351
99773
67953
354
57700
69933
351
488
339
55844
61243
72394
333
345
83557
339
88093
58621
327
99298
481
349
329
361
101572
97256
347
472
72739
93337
15433
347
327
85503
72277
93326
345
13593
64706
348
469
58137
344
69304
83528
78848
350
88889
337
335
87716
68673
66122
105224
343
85182
336
460
349
80039
341
63656
90313
99183
7170
103277
468
9 round of counting
400
326
450
328
307
303
453
323
329
322
451
352
318
329
332
448
332
89611
15667
343
97942
335
68962
332
336
98301
95077
95758
474
324
329
62760
340
88973
353
343
99933
66919
355
57743
71543
330
421
333
55352
59701
70621
330
461
84170
330
87033
58142
325
98147
448
335
323
331
103586
98957
449
345
73082
94021
12516
372
322
86331
72716
93926
459
13521
64150
468
365
58413
323
69480
83887
77084
473
89218
341
475
86060
68627
66652
104863
342
85927
321
338
451
78710
451
62140
89680
100188
7333
104295
313
10 round of counting
1
1
0
1
0
0
0
0
0
0
0
0
0
0
0
0
0
0
0
0
1
0
0
0
0
0
0
0
0
0
0
0
0
0
0
0
0
0
0
0
0
0
0
1
0
0
0
0
0
0
0
0
0
0
0
0
1
0
0
1
0
0
0
0
1
1
0
0
0
0
0
0
0
2
1
0
0
2
5
2
0
0
0
0
0
0
1
0
0
0
0
0
0
0
1
0
0
1
0
0
0
1
11 round of counting
261291
259039
257858
259081
257947
257795
266005
257419
259447
259489
260545
259803
260939
261129
262580
261769
260282
16683720
19393960
262191
17434177
261256
12441606
259905
259725
18956083
17583729
17448978
261515
258051
258927
11282826
262595
15609821
261817
261150
18104846
12246673
261404
19130101
12960328
258235
259828
260397
9868549
10800620
12987646
258431
260573
15386752
258806
15945234
10671455
257779
18018088
260538
258492
259529
261138
18756054
18026046
258349
260301
13468589
17090831
19097926
261986
259627
19620520
13315217
17469538
262733
11284138
12371552
260185
262341
11180478
259620
13347962
16031761
19873528
262001
17041350
258500
259558
16674277
20428532
12799850
19852156
261379
16104722
257871
260635
258637
15226542
258762
12066549
17146159
18865396
6064780
19811033
258142
12 round of counting
260496
258235
257777
259418
257495
257433
265173
257871
259245
258973
259585
259660
261070
260448
261594
261788
260455
15924724
18928494
261713
17075663
261353
11974360
260049
259593
18792271
17556787
17431671
261414
258134
258898
11438968
262567
15853875
261769
261188
18110522
12397636
261337
19163434
12974479
258404
260444
260289
10097137
11204454
13139543
258375
260508
15361606
258817
15921998
10699945
257838
17999458
260636
258481
259362
260443
18458185
17796390
258334
260405
13399913
17193926
19918575
259511
258157
20444933
13448644
17318180
262588
11226348
11971951
260301
262649
10754668
258457
12816423
15457581
18523538
260309
16139612
260600
262603
15947377
19259359
11902973
18455312
261150
15444435
260797
262466
258467
14601247
259321
11504506
16518526
18073592
6068593
18272334
258222
13 round of counting
388
344
204
207
192
211
275
196
226
237
278
199
203
193
216
261
206
1583
1513
282
1439
265
1012
255
195
1451
1526
1470
250
218
250
991
247
1207
276
201
1730
1423
255
1611
1400
258
208
208
1130
1190
1563
248
203
1480
266
1494
1292
241
1812
278
194
199
194
2098
1492
272
198
1319
1868
1541
254
194
1895
1466
1726
255
1404
1242
259
196
1180
268
1346
1842
1979
301
1553
262
256
1646
1906
1441
1811
246
1587
256
192
193
1549
258
1372
1707
1853
1035
2056
271
14 round of counting
704955
701734
706656
708891
705490
700581
718475
700129
705854
708710
710818
713412
706957
707012
709166
709384
708373
35517624
41540349
713891
38228134
715298
26926457
705083
703702
40830463
38490710
38775482
708368
701410
703458
24666849
710608
34491009
709617
709113
39098905
27034742
708173
41623493
28062124
701825
705483
706686
22028148
24013129
28620862
701989
706717
33331325
703251
34607063
23714117
700913
40292374
706247
703199
704718
706612
41474362
39813391
701982
706804
29764629
37449621
42532141
704020
700486
43542887
30007362
38338702
708498
28344448
26347168
705010
709701
23831921
702043
28420097
33295729
41481535
706116
36361422
701957
704666
35746722
42447738
27240583
42266901
708298
33799859
700898
706834
703282
31534599
703621
25545589
36696319
40031002
16147397
42142137
703866
15 round of counting
705259
701767
700668
703428
701268
700595
719204
701878
706555
705284
706596
705952
708524
708246
709161
711323
707079
37018535
43251251
714153
39722923
714366
27029636
705651
704348
41602991
39271445
37981439
711587
704808
707244
24540481
711547
35389075
710454
709723
40997814
28032034
708569
43148744
29322875
702594
706492
707064
22654784
25476393
29805335
702737
707008
33387239
703884
34756680
23320201
701569
40613297
706762
703138
704971
707148
42167337
39054342
702689
707529
28974451
37055637
41722937
704789
701350
41904292
28979812
37624100
707876
28389305
25952250
705408
710642
23716279
703043
28302233
33858732
42607717
706599
37208026
702494
705921
36205029
42133681
26568424
41467252
708990
33492419
701199
706944
702802
31718330
703527
25236151
35950069
39713598
16086066
42360658
701194
16 round of counting
804
561
508
672
567
494
513
619
561
489
506
492
653
608
514
504
647
90471
14508
588
99795
594
68499
577
518
98994
95345
98143
692
575
499
62187
549
86304
582
523
100650
66447
702
55381
69159
690
593
511
55464
60642
71469
565
676
81141
592
86307
57788
685
97223
711
583
501
532
100835
97651
584
509
73315
93324
13151
615
495
86492
70513
94244
570
12434
64723
670
550
57098
719
70629
85061
77040
698
89454
700
568
86555
66724
66922
102381
557
87327
551
506
524
80026
568
61547
89514
98617
7402
105125
544
17 round of counting
444164
443059
442850
444052
442850
442895
454136
442839
444636
444531
445243
445205
446340
446525
447503
447531
445842
19625434
22820114
447429
20961140
447105
14835507
445288
444707
22818638
20980532
20858597
446985
443544
444599
13658800
448059
18900718
447509
447419
21628480
14877666
446903
22882568
15548696
446842
448598
453889
12111983
13459424
15776984
444914
447137
18383016
444129
19098619
12837810
444078
21952527
449082
444407
445394
446406
22812627
21953824
445484
448450
16460086
20337727
22944057
444743
442994
22885683
16204553
21153522
446417
17157403
14213310
445234
448143
12841187
443592
15269667
18527396
22845322
445912
19601282
443661
445273
19104572
22865147
14712734
22747745
446913
18681006
443051
446356
444212
17576109
444296
13893334
19942531
22101447
10015130
22986461
443073
18 round of counting
444367
443571
443221
444361
443149
443255
454315
443082
444798
444826
445741
445567
446661
446694
448099
447760
446046
19779472
23430234
447905
21544241
447368
15221871
445513
444976
22937029
21213256
21366167
447245
443722
445251
13785810
448329
19081341
447994
447778
22076440
14925899
447465
22915023
15616893
443799
446008
446813
12198694
13675272
15855416
443832
446599
18453835
444581
19351788
12918863
443380
21707349
446287
444397
445759
448653
22528211
21787599
443877
446604
16381040
20793228
23306690
445055
443416
23313632
16284285
21137165
447977
17207493
14527317
445503
448364
12959738
443870
15621975
18797093
23297401
446238
19903359
443902
445780
19214274
23049670
15009731
23265812
447262
19091436
443474
446778
444503
17550714
444513
13957433
19842115
21892300
10021902
23128294
443310
19 round of counting
467
297
276
295
270
398
317
269
299
406
290
293
287
302
426
311
304
92067
12053
306
98979
301
69505
307
387
96878
94537
94326
304
404
299
62491
303
84469
315
314
98540
66691
408
55068
67275
403
323
280
53972
58025
69026
291
312
80572
305
85973
56532
289
95097
281
292
288
434
98800
96013
282
294
70728
91301
13552
413
287
82708
70121
91573
297
12222
62594
297
296
56990
404
68273
82156
74546
303
87782
295
293
84618
65003
64567
103095
295
83145
372
303
286
78341
310
60357
88665
97184
6343
101036
285
20 round of counting
1
0
0
0
0
0
0
0
0
0
0
0
0
0
0
0
0
0
0
0
0
0
1
0
0
0
0
0
0
0
0
0
0
0
0
0
0
0
0
0
0
0
0
0
0
0
0
0
0
0
0
0
0
0
0
0
0
0
0
0
0
0
0
0
0
0
0
0
0
0
0
0
0
0
0
0
0
0
0
0
0
0
0
0
0
0
0
0
0
0
0
0
0
0
0
0
0
0
0
0
0
0
21 round of counting
2
0
0
0
0
0
0
0
0
0
0
1
0
0
0
1
0
2
0
0
0
1
0
0
0
0
65
20
3
6
1
2
4
19
2
2
17
3
1
0
1
1
0
0
0
1
1
1
1
0
1
1
1
1
1
1
0
0
0
1
0
1
0
1
1
1
1
0
0
1
1
1
1
1
0
1
0
0
0
1
4
1
3
3
1
3
2
1
1
1
0
0
0
0
0
1
0
1
1
0
0
0
22 round of counting
4
0
1
0
0
0
0
1
0
0
0
1
0
0
0
1
0
1
0
1
0
1
1
1
0
0
2
1
0
0
1
0
1
0
1
1
0
1
1
0
1
1
0
0
1
0
1
0
0
0
1
0
1
1
0
1
0
0
1
0
2
4
0
0
2
0
1
0
1
1
1
1
1
1
2
1
0
1
0
1
2
1
0
0
1
0
1
1
1
1
1
1
0
1
0
1
1
1
1
1
1
1
23 round of counting
25829
22462
20832
20522
20200
21877
21160
20144
20393
21787
21108
20411
20407
22239
21442
20592
20338
866775
1115687
22872
961005
21973
681009
22392
21772
1000800
978847
957238
24800
21275
20361
624849
21284
867893
22043
20654
995965
687379
21202
927962
691503
21550
20383
20334
534152
559205
735968
20884
20390
830412
20979
917690
581112
21002
968992
20988
21756
21291
20147
1000092
972524
21494
20393
738764
920508
1235192
21893
20293
1003826
719915
883076
21172
213506
607549
21042
20394
564047
22400
639645
756200
894002
21143
885510
21050
20282
823342
1006357
676565
1050628
21341
845295
21041
21886
21350
777629
21139
604884
1058448
1305565
79123
1289777
20997
24 round of counting
1
0
0
0
1
0
0
0
0
1
0
0
0
1
0
0
0
13
12
0
13
0
9
1
0
14
14
14
0
1
0
8
0
12
0
0
14
10
0
15
10
0
0
0
8
8
11
0
0
10
0
13
8
1
14
0
0
0
1
12
14
1
0
9
13
13
0
1
14
9
13
0
10
9
0
1
8
0
10
11
15
0
12
0
1
12
15
9
15
0
11
0
0
0
11
1
8
13
14
6
14
1
25 round of counting
71175
70902
70833
71322
70833
70833
74890
70805
71504
71455
71822
71821
72281
72281
72741
72742
72051
7962592
9273895
72742
8533496
72512
5995675
71822
71591
9271527
8533342
8481442
72512
71131
71591
5537804
72978
7703522
72742
72741
8799390
5999357
72512
9272224
6282421
71132
72051
72282
4884472
5435666
6380949
71133
72281
7447443
71362
7744690
5170631
70903
8760660
72053
71361
71821
72281
9093419
8711761
71132
72281
6506682
8261001
9273827
71592
70901
9271901
6442922
8397548
72283
5793887
5732928
71823
72977
5191316
71132
6198780
7467081
9272218
72052
7970179
71133
71821
7759269
9271918
5942317
9267159
72512
7584612
70902
72281
71361
7073529
71362
5600448
8017649
8785872
3227499
9212200
70902
26 round of counting
2899
2815
2791
2817
2787
2791
2802
2780
2815
2815
2823
2816
2834
2835
2860
2853
2826
264302
285776
2857
283143
2848
203870
2831
2811
292746
207026
204760
2838
2801
2823
104271
2855
145332
2835
2848
166826
144671
2837
228958
153758
2805
2815
2822
99932
177018
213467
2805
2837
250094
2814
257422
162439
2799
263865
2833
2807
2821
2836
311297
330103
2812
2842
247851
224226
295225
2822
2790
287086
172380
223280
2820
30121
123094
2826
2844
120383
2813
138369
185240
279126
2841
235337
2814
2831
269291
319732
192783
297752
2853
251282
2796
2847
2805
222227
2812
185086
270161
291785
3101
235042
2795
27 round of counting
74325
73895
73809
74530
73810
73809
80224
73771
74810
74750
75263
75263
75947
75948
76631
76631
75605
11875885
13838832
76652
12731412
76308
8935595
75275
74930
13835280
12731163
12653558
76308
74241
74929
8250753
77011
11490013
76652
76650
13129104
8941103
76307
13836317
9364491
74243
75617
75961
7273580
8097985
9511865
74243
75962
11106998
74588
11551590
7701584
73899
13071170
75620
74585
75274
75961
13568880
12998045
74244
75961
9699906
12323831
13838723
74932
73897
13835857
9604541
12528088
75964
9398824
8542606
75275
77008
7732512
74243
9239378
11136383
13836316
75620
11888853
74244
75273
11573405
13835907
8855790
13828747
76308
11312168
73900
75961
74585
10547732
74588
8344461
11959864
13108894
5256409
13746550
73900
28 round of counting
708
692
692
708
692
692
892
692
716
716
724
724
740
740
756
756
732
275092
320684
756
294940
748
206700
724
716
320604
294940
293132
748
700
716
190780
764
266084
756
756
304188
206828
748
320628
216668
700
732
740
168060
187228
220092
700
740
257180
708
267516
178012
692
302844
732
708
724
740
314412
301140
700
740
224468
285468
320684
716
692
320620
222252
290212
740
320684
197564
724
764
178732
700
213764
257860
320628
732
275356
700
724
268020
320620
204844
320452
748
261948
692
740
708
244180
708
192956
277004
303716
189036
318540
692
29 round of counting
176549
176664
177936
177039
176859
177258
180405
176713
177060
177730
177664
177699
178949
178774
178187
178685
177250
4073172
4611822
177347
4311215
177871
3004158
177007
177261
4415686
4085459
4127979
178083
176953
177185
2751044
178377
3757497
177364
178517
4280089
2948027
177500
4352275
3016537
177388
177110
177419
2417414
2660663
3080874
176757
177786
3602623
178026
3722545
2544035
176811
4188121
177195
177758
177079
177426
4322305
4133373
177608
177161
3159185
3945381
4269243
176817
176773
4406831
3127441
4026227
177320
3920075
2852897
176897
178066
2621083
176850
3084130
3635588
4485266
177153
3994411
178499
179502
3972989
4697759
3034958
4425800
178513
3683629
177506
178114
176598
3506669
177746
2762907
3913885
4269175
2372540
4464757
176691
30 round of counting
0
0
0
0
0
0
0
0
0
0
0
0
0
0
0
0
0
0
0
0
0
0
0
0
0
0
0
0
0
0
0
0
0
0
0
0
0
0
0
0
0
0
0
0
0
0
0
0
0
0
0
0
0
0
0
0
0
0
0
0
0
0
0
0
0
0
0
0
0
0
0
0
0
0
0
0
0
0
0
0
0
0
0
0
0
0
0
0
0
0
0
0
0
0
0
0
0
0
0
0
0
0
31 round of counting
0
0
0
0
0
0
0
0
0
0
0
0
0
0
0
0
0
0
0
0
0
0
0
0
0
0
0
0
0
0
0
0
0
0
0
0
0
0
0
0
0
0
0
0
0
0
0
0
0
0
0
0
0
0
0
0
0
0
0
0
0
0
0
0
0
0
0
0
0
0
0
0
0
0
0
0
0
0
0
0
0
0
0
0
0
0
0
0
0
0
0
0
0
0
0
0
0
0
0
0
0
0
32 round of counting
0
0
0
0
0
0
0
0
0
0
0
0
0
0
0
0
0
0
0
0
0
0
0
0
0
0
0
0
0
0
0
0
0
0
0
0
0
0
0
0
0
0
0
0
0
0
0
0
0
0
0
0
0
0
0
0
0
0
0
0
0
0
0
0
0
0
0
0
0
0
0
0
0
0
0
0
0
0
0
0
0
0
0
0
0
0
0
0
0
0
0
0
0
0
0
0
0
0
0
0
0
0
33 round of counting
0
0
0
0
0
0
0
0
0
0
0
0
0
0
0
0
0
0
0
0
0
0
0
0
0
0
0
0
0
0
0
0
0
0
0
0
0
0
0
0
0
0
0
0
0
0
0
0
0
0
0
0
0
0
0
0
0
0
0
0
0
0
0
0
0
0
0
0
0
0
0
0
0
0
0
0
0
0
0
0
0
0
0
0
0
0
0
0
0
0
0
0
0
0
0
0
0
0
0
0
0
0
34 round of counting
0
0
0
0
0
0
0
0
0
0
0
0
0
0
0
0
0
0
0
0
0
0
0
0
0
0
0
0
0
0
0
0
0
0
0
0
0
0
0
0
0
0
0
0
0
0
0
0
0
0
0
0
0
0
0
0
0
0
0
0
0
0
0
0
0
0
0
0
0
0
0
0
0
0
0
0
0
0
0
0
0
0
0
0
0
0
0
0
0
0
0
0
0
0
0
0
0
0
0
0
0
0
35 round of counting
0
0
0
0
0
0
0
0
0
0
0
0
0
0
0
0
0
0
0
0
0
0
0
0
0
0
0
0
0
0
0
0
0
0
0
0
0
0
0
0
0
0
0
0
0
0
0
0
0
0
0
0
0
0
0
0
0
0
0
0
0
0
0
0
0
0
0
0
0
0
0
0
0
0
0
0
0
0
0
0
0
0
0
0
0
0
0
0
0
0
0
0
0
0
0
0
0
0
0
0
0
0
36 round of counting
0
0
0
0
0
0
0
0
0
0
0
0
0
0
0
0
0
0
0
0
0
0
0
0
0
0
0
0
0
0
0
0
0
0
0
0
0
0
0
0
0
0
0
0
0
0
0
0
0
0
0
0
0
0
0
0
0
0
0
0
0
0
0
0
0
0
0
0
0
0
0
0
0
0
0
0
0
0
0
0
0
0
0
0
0
0
0
0
0
0
0
0
0
0
0
0
0
0
0
0
0
0
