0 round of counting
23647
8278
4450
4443
4443
4457
4450
4450
4450
4443
4443
3639
3632
4457
4450
4457
4443
4444
4450
4344
4451
4443
4450
4443
4450
4457
4344
4450
4443
4344
4443
4450
4344
4443
4457
4337
4457
4450
4437
4337
4450
4344
4450
4457
4457
4457
4457
4343
4450
4443
4443
4450
4450
4444
4450
4437
4443
4450
4450
4450
4443
4450
4444
1 round of counting
9193
7682
6514
5985
5856
5954
5886
5945
5905
5861
5818
5998
5613
5928
5989
6037
5945
6088
5859
6106
6080
6049
6081
6130
5964
6084
6004
6058
5973
6060
6002
6069
5962
5926
5953
6042
5924
5956
6040
6049
5911
6071
5913
6014
5844
6080
5898
6047
5948
5940
5845
5888
5879
5981
6057
5987
5940
6036
5992
6121
5986
5885
6034
2 round of counting
427
293
229
213
212
215
211
202
208
207
207
211
208
212
208
211
212
211
210
205
213
212
208
202
212
203
208
208
204
210
205
202
206
210
205
206
215
214
212
203
206
207
207
202
201
208
205
208
208
207
201
204
201
205
211
206
205
205
202
202
206
203
203
3 round of counting
432
284
223
217
210
207
214
208
212
211
210
212
203
197
205
204
203
207
205
211
209
208
207
290
229
214
214
207
209
207
205
209
210
211
202
207
209
208
209
205
209
214
208
206
205
203
204
214
209
207
211
200
216
212
215
205
209
205
206
207
208
202
214
4 round of counting
0
2
0
0
0
0
0
0
0
0
0
0
0
0
0
0
0
0
0
0
0
0
0
0
0
0
0
0
0
0
0
0
0
0
0
0
0
0
0
0
0
0
0
0
0
0
0
0
0
0
0
0
0
0
0
0
0
0
0
0
0
0
0
5 round of counting
544
416
320
317
319
305
318
308
321
309
320
320
318
304
314
306
312
302
311
304
310
304
315
307
321
300
307
297
309
307
297
312
306
317
311
305
299
308
303
303
306
302
304
313
295
303
309
304
302
298
308
295
304
295
300
304
300
305
313
305
293
306
299
6 round of counting
2269
2421
2166
2129
2108
2144
2112
2091
2078
2106
2082
1876
1936
2127
2093
2065
2107
2100
2103
2084
2119
2135
2114
2080
2145
2129
2066
2080
2106
2100
2062
2085
2053
2087
2111
2044
2090
2078
2092
2021
2062
2052
2091
2077
2076
2069
2089
2047
2081
2087
2095
2058
2060
2096
2093
2042
2043
2081
2079
2074
2046
2063
2121
7 round of counting
0
0
0
0
0
0
0
0
0
0
0
0
0
0
0
0
0
0
0
0
0
0
0
0
0
0
0
0
0
0
0
0
0
0
0
0
0
0
0
0
0
0
0
0
0
0
0
0
0
0
0
0
0
0
0
0
0
0
0
0
0
0
0
8 round of counting
134
122
109
107
103
106
105
106
110
104
108
108
106
112
110
105
107
109
108
105
111
104
104
110
109
105
108
109
106
111
107
104
108
106
107
110
106
105
107
104
105
107
106
105
105
106
104
105
104
106
107
106
105
107
106
105
104
105
138
103
105
105
104
9 round of counting
131
119
95
94
94
92
90
92
99
99
99
93
98
100
99
91
95
95
95
96
95
99
97
96
98
91
94
95
91
95
94
93
93
95
94
96
98
93
89
94
92
93
89
92
94
92
94
94
91
96
94
94
94
92
90
93
94
95
90
93
94
93
88
10 round of counting
0
0
0
0
0
0
0
0
0
0
0
0
0
0
0
0
0
0
0
0
0
0
0
0
0
0
0
0
0
0
0
0
0
0
0
0
0
0
0
0
0
0
0
0
0
0
0
0
0
0
0
0
0
0
0
0
0
0
0
0
0
0
0
11 round of counting
4470
3852
3271
3170
3099
3103
3097
3103
3067
3102
3043
2948
2971
3111
3167
3040
3063
3129
3102
3104
3121
3082
3105
3128
3128
3094
3081
3081
3150
3116
3079
3075
3108
3081
3068
3093
3041
3032
3137
3116
3094
3055
3078
3047
3425
3330
3123
3169
3098
3084
3088
3142
3066
3097
3105
3105
3041
3059
3085
3086
3082
3048
3131
12 round of counting
4344
3710
3104
3010
3036
3061
3034
3053
3071
3103
3069
3020
2814
2978
3076
3103
3082
3150
3046
3114
3072
3093
3069
3105
3069
3048
3079
3060
3067
3118
3065
3089
3091
3119
3065
3074
3116
3044
3150
3104
3058
3124
3040
3096
3050
3045
3042
3130
3074
3047
3049
3077
3057
3152
3054
3045
3114
3106
3116
3131
3067
3046
3082
13 round of counting
408
322
236
223
247
231
231
244
239
233
233
236
236
228
227
243
228
234
234
225
241
224
234
231
227
233
246
221
232
238
227
232
232
228
226
231
230
222
234
236
222
238
234
228
242
240
234
231
236
231
240
241
238
238
235
223
236
243
220
236
230
245
244
14 round of counting
5700
5702
5293
5111
5055
5071
5098
5096
5084
5085
5089
4599
4684
4945
5825
5168
5006
5105
5030
5181
5169
5091
5119
5233
5153
5112
5051
5137
5060
5127
5033
5050
5051
5138
5074
5134
5103
5076
5085
5131
5132
5121
5075
5085
5121
5071
5038
5151
5064
5088
5036
5048
5022
5191
5062
5163
5109
5086
5118
5163
5081
5074
5156
15 round of counting
6505
5888
5266
5157
5104
5092
5117
5068
5111
5026
5516
4997
4769
5053
5161
5128
5112
5151
5905
5104
5085
5083
5054
5009
5133
5013
5050
5065
5028
5007
5084
5004
5052
5076
5058
4972
5038
5057
5079
5047
5045
5014
5090
5022
4993
5011
5058
5121
5042
5042
5023
5028
5034
5061
5084
5019
4970
5113
5022
5049
5086
4987
5050
16 round of counting
546
445
343
348
338
338
335
333
339
337
331
331
335
339
336
332
330
334
335
327
327
333
323
333
334
329
336
330
339
338
338
332
333
329
335
331
329
330
331
470
334
331
334
330
338
337
336
335
336
330
337
334
338
336
333
335
343
336
331
332
331
338
334
17 round of counting
1668
1993
1956
1915
1961
1967
1980
1920
1952
1904
1954
1711
1689
1970
1953
1939
1951
1950
1938
1931
1942
1901
1934
1939
1927
1904
1925
1955
1961
1931
1956
1934
1925
1915
1936
1913
1919
1953
1925
1929
1957
1918
1948
1957
1972
1949
1951
1931
1938
1991
1937
1962
1937
1951
1961
1932
1930
1985
1916
1848
1954
1864
1886
18 round of counting
1797
2142
2037
1993
1990
1984
2016
1987
2019
1982
1960
1816
1744
2003
1985
2007
1976
1983
1980
1958
1972
1958
1972
1995
1969
1978
1963
1958
1969
1951
1936
1969
1964
1963
1967
1984
2017
1976
1992
1966
2003
1979
1980
1988
1983
1984
1993
1978
1986
1975
1980
1968
1989
1974
2004
1974
1968
1968
2002
1967
1972
1977
1983
19 round of counting
133
117
94
96
97
98
99
104
138
112
98
101
98
103
103
100
94
100
99
98
99
95
98
97
97
97
99
97
96
101
96
94
91
99
96
100
94
98
97
99
99
98
97
98
94
95
94
99
96
91
96
98
95
98
95
95
99
97
98
93
93
96
96
20 round of counting
0
0
0
0
0
0
0
0
0
0
0
0
0
0
0
0
0
0
0
0
0
0
0
0
0
0
0
0
0
0
0
0
0
0
0
0
0
0
0
0
0
0
0
0
0
0
0
0
0
0
0
0
0
0
0
0
0
0
0
0
0
0
0
21 round of counting
0
0
0
0
0
0
0
0
0
0
0
0
0
0
0
0
0
0
0
0
0
0
0
0
0
0
0
0
0
0
0
0
0
0
0
0
0
0
0
0
0
0
0
0
0
0
0
0
0
0
0
0
0
0
0
0
0
0
0
0
0
0
0
22 round of counting
0
0
0
0
0
0
0
0
0
0
0
0
0
0
0
0
0
0
0
0
0
0
0
0
0
0
0
0
0
0
0
0
0
0
0
0
0
0
0
0
0
0
0
0
0
0
0
0
0
0
0
0
0
0
0
0
0
0
0
0
0
0
0
23 round of counting
5062
3887
2812
2670
2666
2635
2583
2674
2719
2573
2624
2763
2657
2595
2704
2625
2617
2568
2589
2648
2555
2648
2645
2592
2552
2755
2613
2517
2564
2651
2480
2641
2588
2620
2564
2676
3480
2809
2563
2724
2552
2670
2620
2658
2685
2768
2657
2755
2641
2678
2762
2699
2656
2683
2532
2689
2660
2662
2612
2688
2640
2595
2647
24 round of counting
0
0
0
0
0
0
0
0
0
0
0
0
0
0
0
0
0
0
0
0
0
0
0
0
0
0
0
0
0
0
0
0
0
0
0
0
0
0
0
0
0
0
0
0
0
0
0
0
0
0
0
0
0
0
0
0
0
0
0
0
0
0
0
25 round of counting
442
563
643
644
644
642
643
643
643
644
644
525
526
642
643
642
644
644
643
626
643
644
643
644
643
642
626
643
644
626
644
643
626
644
642
627
642
643
645
627
643
626
643
642
642
642
642
626
643
644
644
643
643
644
643
645
644
643
643
643
644
643
644
26 round of counting
69
49
31
28
26
27
26
26
27
26
25
28
27
27
27
25
26
28
26
28
28
26
27
25
26
26
53
29
27
28
25
26
29
26
27
29
27
26
29
28
27
28
26
26
25
25
25
30
26
26
25
26
26
27
26
26
25
26
26
26
25
26
28
27 round of counting
721
917
1037
1036
1036
1040
1038
1038
1038
1036
1036
857
854
1039
1038
1040
1036
1038
1038
1011
1040
1036
1038
1036
1038
1040
1011
1038
1036
1011
1036
1038
1011
1036
1040
1009
1040
1038
1036
1009
1038
1011
1038
1040
1040
1040
1040
1009
1038
1036
1036
1038
1038
1038
1038
1036
1036
1038
1038
1038
1036
1038
1038
28 round of counting
28
27
27
27
27
27
27
27
27
27
27
28
28
27
27
27
27
27
27
27
27
27
27
27
27
27
27
27
27
27
27
27
27
27
27
27
27
27
27
27
27
27
27
27
27
27
27
27
27
27
27
27
27
27
27
27
27
27
27
27
27
27
27
29 round of counting
221
433
647
527
586
502
593
577
569
519
608
443
450
602
665
506
502
634
496
551
583
529
563
511
497
496
499
551
538
490
601
497
521
548
571
599
536
637
518
614
549
490
561
486
477
528
537
563
535
600
531
534
490
530
472
508
528
610
550
603
530
478
513
30 round of counting
0
0
0
0
0
0
0
0
0
0
0
0
0
0
0
0
0
0
0
0
0
0
0
0
0
0
0
0
0
0
0
0
0
0
0
0
0
0
0
0
0
0
0
0
0
0
0
0
0
0
0
0
0
0
0
0
0
0
0
0
0
0
0
31 round of counting
0
0
0
0
0
0
0
0
0
0
0
0
0
0
0
0
0
0
0
0
0
0
0
0
0
0
0
0
0
0
0
0
0
0
0
0
0
0
0
0
0
0
0
0
0
0
0
0
0
0
0
0
0
0
0
0
0
0
0
0
0
0
0
32 round of counting
2
2
2
2
2
2
2
2
2
2
2
2
2
2
2
2
2
2
2
2
2
2
2
2
2
2
2
2
2
2
2
2
2
2
2
2
2
2
2
2
2
2
2
2
2
2
2
2
2
2
2
2
2
2
2
2
2
2
2
2
2
2
2
33 round of counting
2
2
2
2
2
2
2
2
2
2
2
2
2
2
2
2
2
2
2
2
2
2
2
2
2
2
2
2
2
2
2
2
2
2
2
2
2
2
2
2
2
2
2
2
2
2
2
2
2
2
2
2
2
2
2
2
2
2
2
2
2
2
2
34 round of counting
2
2
2
2
2
2
2
2
2
2
2
2
2
2
2
2
2
2
2
2
2
2
2
2
2
2
2
2
2
2
2
2
2
2
2
2
2
2
2
2
2
2
2
2
2
2
2
2
2
2
2
2
2
2
2
2
2
2
2
2
2
2
2
35 round of counting
0
0
0
0
0
0
0
0
0
0
0
0
0
0
0
0
0
0
0
0
0
0
0
0
0
0
0
0
0
0
0
0
0
0
0
0
0
0
0
0
0
0
0
0
0
0
0
0
0
0
0
0
0
0
0
0
0
0
0
0
0
0
0
36 round of counting
2
2
2
2
2
2
2
2
2
2
2
2
2
2
2
2
2
2
2
2
2
2
2
2
2
2
2
2
2
2
2
2
2
2
2
2
2
2
2
2
2
2
2
2
2
2
2
2
2
2
2
2
2
2
2
2
2
2
2
2
2
2
2
