0 round of counting
32701
29910
45800
5533
7501
3963680047
3936811023
102143656
3933686439
3911242819
167621672
212478470
247248559
38747690
3858187812
3983696155
3965714651
3976283208
3918825863
3938744315
3918694783
3969950919
4823756535
3968689270
3952055441
868404941
16896755
1521565
11747842
10102165
28963112
16771460
21222766
20959633
133641677
80593129
81307403
114376179
274492217
56334614
260163607
1 round of counting
1367191
24271
43512
7834
9886
6891548558
6899828885
90849797
6844430854
6873152773
179762248
235318655
158325786
45379567
6688163541
7233365400
7083469684
7183565130
6939606034
6992135874
6958035654
7187432138
11345044490
7194874123
7118709604
951600792
20714913
1698010
8298974
7166467
20914183
12108645
14272785
14000598
78897713
56516380
69945259
100151925
216031734
50411002
247336656
2 round of counting
424
292
315
205
231
375233
295226
81130
347818
358185
207667
142225
23157
20624
143183
422807
373972
363227
392376
324114
377896
441919
471847
484023
427262
75622
6279
1079
11460
1412
35774
12263
3550
3105
26362
15880
40212
23465
214412
29210
138016
3 round of counting
746
388
378
218
235
345462
374302
89765
366327
334022
245280
150186
33700
14412
155423
402109
382375
375135
359883
320071
357157
395165
470402
365002
367080
72622
7549
1383
10829
6350
36812
12913
5748
5364
23805
16002
30656
19353
230869
27407
105187
4 round of counting
301
90
23
3
7
3382
4208
1788
3619
4682
2360
2643
1031
367
2153
13787
11323
11594
8693
9741
8344
11741
97746
12080
9715
22027
1195
333
78
31
53
41
18
7
31
36
46
38
2308
512
1138
5 round of counting
11932
442
560
327
340
85220427
85034846
1016004
79051510
79441221
1823665
3791637
3485299
463337
76591372
86534742
85053191
86079010
81487573
82988915
82129019
86003975
157156706
85871905
84257986
35794259
183792
37119
51456
40808
161604
84380
182960
207652
1948858
1352512
1675197
3599554
4467353
1095448
4825624
6 round of counting
635647
9233
19582
2431
3465
2017961530
2012317706
42871197
2006660356
2002023783
73015739
108443893
103514646
16672948
1947283458
2088850772
2083172674
2205877191
2038709997
2050704367
2035662325
2120981329
3610810604
2118401431
2094704066
337245380
7288056
609515
3753836
3003918
10357033
6466195
7815311
7653846
53605520
32695404
31669647
50309889
116971261
19666306
130193626
7 round of counting
4719
89
21
6
3
340902
531658
165852
414314
878172
216044
140293
44636
1212
201226
1934476
2307857
3329447
1627810
2021743
1656019
3451081
37488816
3728546
3140730
1609637
78562
1204
345
99
2731
568
50
14
2242
217
753
368
90027
6932
28314
8 round of counting
27587
168
221
124
124
84962594
85055531
1131845
78921604
79472409
2003761
3999318
3544365
431802
76688423
86749758
85720975
86505753
82195260
82693250
82217723
86587828
164371674
86364906
84844744
36648294
320882
41349
44152
41618
122100
74523
178190
209626
1933799
1322215
1672948
3573976
4385248
1112533
4806449
9 round of counting
31496
194
215
123
120
85332112
85594031
1283565
79789435
80674300
2254125
4118884
3545883
426145
76826277
88388140
87378651
89648367
83840409
84577782
83727764
89869143
201473707
90340475
87903036
38174250
401674
42452
42505
40944
125787
68026
183647
209755
1929860
1302687
1682443
3617114
4449099
1105904
4778123
10 round of counting
4682
8
2
1
2
336003
520476
156458
403622
868617
208380
124824
43914
945
201942
1902801
2297593
3344776
1624271
2007632
1666265
3462744
37524189
3693123
3136755
1324456
79555
880
326
80
2256
54
34
33
1978
136
470
202
86832
6631
30643
11 round of counting
492773
10541
19696
3838
4902
4211397989
4211127188
31365843
4198616847
4206491238
79348241
99211487
66073402
23512506
4100761941
4255793246
4257232547
4291193229
4201738604
4221510760
4213158545
4291525045
5689051380
4288681929
4254033370
267006215
6056191
546625
3590333
3099812
8590020
4781699
6011837
5913857
34921587
23402564
27464860
37121851
91800953
20677956
114483392
12 round of counting
491911
10680
19467
3882
4944
4211688408
4215801273
30935006
4198798032
4197153646
79216156
99106615
65906253
23904824
4140654835
4256861369
4256854960
4290932575
4201480922
4220961756
4212397532
4309580081
5699165201
4286804682
4254789949
267751383
6039805
569943
3578582
3112714
8517532
4632827
6016706
5916874
34845437
23365518
27574930
37010633
91668866
20687120
114631899
13 round of counting
560
317
306
223
245
14740
14727
43373
9339
10265
115920
48786
15687
1279
5372
40448
61640
64562
21456
26861
22075
65503
194079
38451
70191
280014
1247
497
656
679
1501
5473
799
741
1963
2085
1709
2148
109174
4349
37514
14 round of counting
1121381
20325
41805
6455
8348
6669783565
6664634968
78691934
6637920835
6623268626
161562476
217405250
202791472
43280236
6479775020
6754331306
6751373819
6810937603
6649621199
6678219000
6665225150
6804883514
9431552917
6805679567
6753627236
598247541
12805038
1239727
8068805
6889180
21132956
12515880
16300925
15928651
108001786
67562802
61893103
89361557
228105703
42894129
264404609
15 round of counting
1187466
20846
42948
6256
8860
6682396991
6678009738
80282937
6647137337
6637567331
163691331
220994304
204244430
43427886
6485792555
6771156522
6764484636
6828015722
6664750894
6693526813
6681986621
6827319005
9583802752
6824609517
6769482842
619537538
13243212
1430014
8005113
6852589
21344676
12641405
16393539
16162213
108668341
68008049
63061951
91689056
231813526
43694954
268572079
16 round of counting
31959
496
554
336
427
11911225
17063422
1272935
8212059
10321199
1845562
3568019
1067740
370850
23404772
14976965
14983882
19438806
12322628
14363411
13661569
18230731
129099069
20048136
15473334
21906371
371884
41874
29801
25848
123419
62846
139513
130951
386286
424122
1257583
2250933
3583156
705369
4050401
17 round of counting
637012
10047
22801
2102
3768
2461074801
2451756875
47981036
2439916935
2429879453
83172511
118433696
137251920
19456639
2378933393
2492445853
2496990425
2518761742
2448217469
2463186013
2458149833
2518580130
3740245014
2519542911
2500450608
331154707
6852691
644947
4521409
3815168
12696719
7993259
10227548
10105063
73537440
44269018
34358844
52526261
136376295
22232605
149733363
18 round of counting
681888
10164
22633
2251
3659
2472917680
2465699636
49222738
2445651716
2439217349
84812268
121976924
138481991
19885109
2385720465
2515031049
2510345250
2536469912
2464539399
2475714936
2470203400
2536546946
3866102742
2534440431
2517409617
352546153
7214053
714941
4591179
3820871
12822243
8031139
10416229
10257315
73794216
44672751
35674575
54611627
139765411
22889024
153360155
19 round of counting
28842
149
214
102
105
11407528
14038739
1223295
6194287
10654259
1736932
3529825
1132329
363357
8731788
19325542
14708782
18290737
11327159
15812934
14349959
19691464
130266258
20286244
16041379
21501213
398133
41836
29267
21625
102356
57850
149389
152165
547985
416820
1289410
2276192
3472218
685039
4082941
20 round of counting
479
5
1
0
0
25556
68530
5301
60553
196268
26400
89711
2766
130
17811
1087254
1098844
1285728
700315
850928
747309
1354571
14530721
1419679
1232613
2157589
24702
2477
259
23
130
40
14
5
85
43
99
34
3567
711
1680
21 round of counting
0
0
0
0
0
0
1
0
0
59
21
0
0
0
0
1
0
0
0
0
0
0
0
53
25
10
37
30
14
6
2
0
0
0
0
0
1
0
2
0
1
22 round of counting
799
5
0
0
1
37173
81591
5490
57296
191718
25138
94973
2753
113
16736
1069496
1069898
1275032
700660
838299
733622
1361249
14348896
1414726
1216610
2034952
23499
1996
196
19
127
51
18
9
57
24
77
20
2751
721
1421
23 round of counting
54912
6446
6146
3058
3297
857566213
863233574
2311756
844995633
852074292
11906390
13681823
1745282
3760427
830211082
875467038
862718121
882580334
860046108
864001640
865431626
887771162
1290867285
882968070
874478436
10060079
618774
82485
103896
72574
430616
315784
127954
111383
557608
1241598
1608753
1962469
6587831
1405781
14813967
24 round of counting
1
0
0
0
0
2889
2890
39
2868
2879
75
100
66
20
2797
2971
2970
3007
2912
2931
2915
3012
4746
3084
2979
394
8
1
4
3
9
5
6
6
32
24
29
42
90
20
105
25 round of counting
178206
2856
6540
580
961
649786715
647008811
12766913
648965416
645423158
22146091
29287014
37031553
5924527
638913483
653510246
651222977
651993360
645060102
647879712
645005073
650746157
744030241
650341127
648520975
120139959
2275338
181210
1750829
1509132
3865756
2129115
3339228
3296593
21303539
12422598
11295450
14720642
37496051
8430032
35099456
26 round of counting
4470
209
317
78
106
177855646
178267181
253631
177483464
177622386
1916972
2206605
199401
706146
172789595
178749685
179142868
180162208
177194897
177839501
177804182
180018843
214282786
179671806
178744552
333720
49304
7566
10671
7704
45125
25442
14719
12738
53498
169541
222889
258509
715598
215228
2057381
27 round of counting
446481
4996
11722
1027
1667
981149000
977085700
25160274
980750162
975406345
40670711
47932659
47101413
9141374
961838415
989568395
985515907
987327208
975699587
980117871
975574386
985543435
1156423583
985139211
981931135
193495171
4236304
412880
2795838
2451685
6894626
3977094
4288507
4262669
24462490
15223336
18733888
25320589
62535827
13297720
59258561
28 round of counting
9
15
0
0
0
30343538
29943560
355899
6293508
6447512
860297
1099237
1925418
513474
6306115
6319279
6320858
6316862
6301551
6313591
6301547
6310211
6308223
6303648
6303640
12509014
260168
16835
266472
235894
266484
51053
236708
237700
290688
1289790
956659
1098759
5366943
2172759
2526871
29 round of counting
459227
3746
8655
718
1064
681775312
683968175
39543494
657467398
679133988
55621735
86002715
60446201
9719943
628575683
826814254
816195578
864578425
754018474
772820704
810131614
877960177
3065223168
883011969
845029671
517468909
10973228
680136
2244075
2071764
6516408
4166859
5065686
5001694
27733705
19330779
27075755
44665574
69082664
14030318
69359287
30 round of counting
0
0
0
0
0
0
0
0
0
0
0
0
0
0
0
0
0
0
0
0
0
0
0
0
0
0
0
0
0
0
0
0
0
0
0
0
0
0
0
0
0
31 round of counting
0
0
0
0
0
0
0
0
0
0
0
0
0
0
0
0
0
0
0
0
0
0
0
0
0
0
0
0
0
0
0
0
0
0
0
0
0
0
0
0
0
32 round of counting
0
0
0
0
0
0
0
0
0
0
0
0
0
0
0
0
0
0
0
0
0
0
0
0
0
0
0
0
0
0
0
0
0
0
0
0
0
0
0
0
0
33 round of counting
0
0
0
0
0
0
0
0
0
0
0
0
0
0
0
0
0
0
0
0
0
0
0
0
0
0
0
0
0
0
0
0
0
0
0
0
0
0
0
0
0
34 round of counting
0
0
0
0
0
0
0
0
0
0
0
0
0
0
0
0
0
0
0
0
0
0
0
0
0
0
0
0
0
0
0
0
0
0
0
0
0
0
0
0
0
35 round of counting
0
0
0
0
0
0
0
0
0
0
0
0
0
0
0
0
0
0
0
0
0
0
0
0
0
0
0
0
0
0
0
0
0
0
0
0
0
0
0
0
0
36 round of counting
0
0
0
0
0
0
0
0
0
0
0
0
0
0
0
0
0
0
0
0
0
0
0
0
0
0
0
0
0
0
0
0
0
0
0
0
0
0
0
0
0
