0 round of counting
18522
12347
9201
6814
3405
3634
3729
4377
4610
4554
4555
4599
4618
4554
4576
4599
7047
7018
7028
6996
11357
11170
11862
11928
8684
30727
3455
32009
124903
7974
5433631
6875038
9114497
4616187
504100362
375574561
362351845
592142737
4467177
1744024
15881394
5357883
71680450
220715576
342358760
274387471
364065575
709597195
37762712
82258050
771962207
1102682482
1099554550
1072065204
1080860946
1114519455
1118069669
1 round of counting
13686
10054
8532
6617
4125
4187
4254
4498
5502
4972
4931
5089
4971
4868
4823
4982
7386
6543
6561
6555
9849
10260
10007
9796
7627
24288
4164
26672
95576
7596
3609018
5174614
7122693
3547510
334166768
271442696
299406292
468934254
3018462
1341750
12607065
4046851
46245490
166880868
276565845
219467492
254078711
558154340
30595114
66524229
577232052
885682006
889054428
861991314
887124179
923935011
718296030
2 round of counting
143
159
110
103
96
96
95
88
105
93
96
102
97
95
94
94
101
95
95
94
91
99
93
89
91
99
89
96
97
95
1027
1553
454
380
115305
26332
10035
27173
177
2476
1277
474
11810
74923
56774
13127
3483
13586
5166
8891
211026
29855
151620
28573
70219
44215
35646
3 round of counting
250
185
102
101
104
99
93
96
101
106
95
98
99
104
102
96
99
107
100
102
93
99
93
92
94
110
98
101
121
181
187
5606
349
296
23282
131908
59891
21597
400
221
620
295
717
4808
12559
33129
20215
36378
1868
1492
30424
135359
46341
70199
52059
31043
52300
4 round of counting
98
25
2
0
2
1
0
0
3
0
0
0
0
0
0
0
2
1
0
0
0
2
0
0
0
11
0
0
4
0
0
0
1
2
360
530
401
590
189
18
9
19
13
93
331
304
409
699
313
36
677
1096
1098
1039
1009
1096
1030
5 round of counting
205
247
159
157
158
151
153
152
151
156
153
164
157
157
160
157
165
167
158
154
154
153
152
146
162
170
151
167
180
165
17880
21257
21189
3830
517183
882933
928548
966711
15421
772
41182
8432
272798
751928
876726
582215
728544
648277
130233
176120
699068
995674
811850
823239
865694
841744
961327
6 round of counting
3562
2752
3329
2361
1323
1494
1550
1670
1922
1643
1713
1712
1656
1698
1680
1671
2478
2449
2738
2409
3815
4380
4587
4599
3138
10458
1318
11151
44620
3472
1779530
2448252
3415040
1673080
167345804
132019484
136522259
223751342
1520330
615078
5846001
1976742
23832269
77583820
128956533
101993215
121428184
250745693
14124696
30947271
270421926
410879493
416260407
408759190
407117711
421475589
378638010
7 round of counting
104
28
2
0
3
2
1
0
3
1
0
0
0
0
0
0
2
0
0
0
0
2
0
0
0
13
0
0
3
1
14
2
3
1
60138
16456
3717
15338
251
26
19
7
95
576
2475
1130
19110
81739
386
64
97831
82624
77548
69397
70692
81213
139435
8 round of counting
80
84
59
61
64
58
60
66
63
59
61
62
66
64
65
66
65
60
63
59
60
64
60
60
62
60
63
67
96
62
18366
20851
20669
3415
1937625
1286089
1017449
1338178
15219
700
39352
8650
274128
761156
954580
589338
1415136
2446923
99412
169471
2692918
2701554
2523701
2342628
2390777
2654852
2776790
9 round of counting
81
81
55
54
53
49
53
55
53
58
56
56
54
52
52
52
56
54
54
55
54
55
54
47
50
62
56
55
85
63
18299
21138
20879
3262
1989496
1297894
1022628
1356161
15588
707
39511
8320
274901
762206
959799
592031
1435106
2536479
99468
169609
2784644
2783218
2598910
2417349
2463578
2735496
2913493
10 round of counting
10
3
0
0
0
0
0
0
0
0
0
0
0
0
0
0
0
0
0
0
0
0
0
0
0
1
0
0
0
0
8
1
2
0
53678
11556
4975
14820
66
3
4
0
84
459
1710
484
18457
81031
93
40
88850
81532
75125
72298
69456
80493
135629
11 round of counting
4797
4007
3427
2793
1747
1811
1810
1921
2248
2141
2210
2155
2131
2185
2043
2138
3069
2937
2890
2692
4137
4221
4400
4291
3374
10848
1872
12328
43817
3516
1578605
2429586
3228611
1740033
145611753
126911570
132956858
218582638
1316506
608800
5858890
1957698
20335453
75206222
123337364
105857769
105061317
241814821
14190607
32819328
261873736
417967605
442067356
406817598
418017776
447756556
320894009
12 round of counting
4714
3565
3520
2863
1850
1911
1902
2057
2363
2283
2186
2274
2251
2200
2183
2318
3194
2974
2978
2787
4208
4253
4503
4494
3460
10841
1940
12564
44095
3321
1583641
2401467
3430733
1755925
146743386
129144415
138026792
222503597
1327454
614014
6276186
1993419
20539729
76322728
135492712
108951286
97746824
244909530
15224943
33276423
263705762
409475531
449459341
401893690
421950385
449825807
319318791
13 round of counting
227
196
96
107
80
70
80
72
89
93
95
80
85
99
81
81
96
108
96
101
83
92
85
80
84
95
82
82
95
87
191
306
487
304
4986
2760
4520
6864
343
315
491
282
1730
3731
5582
3000
1939
5373
1056
2196
11721
11983
23309
12317
16798
14180
11583
14 round of counting
8532
6386
7439
5453
3062
3446
3355
3787
4260
4001
3973
4025
4191
3898
3905
3928
5872
5762
5735
5514
8600
8795
9834
9743
7076
24079
3225
27328
97140
6701
3741864
5268830
7485829
3745954
347685898
284003576
297159896
481643014
3120370
1346668
13176400
4295086
48965528
168149466
286944243
227475920
250791721
537543407
31790703
69232498
583252318
897760048
931601178
871951545
904077072
932482469
756223335
15 round of counting
8530
6401
7569
5343
3061
3446
3525
3897
4178
3964
3925
3935
3943
3964
3849
4022
5844
5720
5762
6353
8734
8673
9137
9120
7119
23174
3311
25799
96929
6675
3741947
5268252
7177006
3743736
347786910
283434738
297472882
475796139
3121429
1347135
12539354
4285209
49013559
167950148
282354568
229638882
249999009
540205191
31783080
69430715
582504606
899380556
935114910
876170874
914196012
931210506
760074414
16 round of counting
291
265
160
175
136
141
140
132
147
140
158
151
147
155
140
143
153
159
138
148
147
144
247
174
171
164
141
151
179
153
1131
1647
2133
1066
104021
83956
78057
124493
1158
498
3032
1378
13793
45966
74345
60489
72880
146717
7586
16501
169989
236634
235271
232497
234230
237639
229389
17 round of counting
3622
2798
3735
2654
1276
1533
1550
1745
1801
1784
1786
1782
1743
1743
1739
1773
2797
2754
2717
2712
4455
4447
5043
4751
3541
12263
1310
13322
52997
3351
2166550
2873916
4060656
1988863
201694260
156501810
161372803
259958379
1795715
762498
6897025
2365905
28410551
91776509
152504981
120571051
144913428
294419333
16741045
36266986
319359776
480011563
483145971
474085839
480355222
488570539
434647327
18 round of counting
3485
2825
3645
2635
1327
1614
1574
1770
1816
1840
1826
1903
1810
1858
1782
1798
2798
2805
2838
2768
4502
4510
5098
4849
3578
12469
1396
13421
53160
3383
2170973
2884815
4055397
1993598
202171312
156641751
160499329
259417082
1794683
734437
6899572
2304946
28438229
91833648
151486586
119728278
144958460
294579849
16778726
35990247
319786282
478978254
484013761
473344898
479003656
486445701
433245590
19 round of counting
76
81
57
54
56
49
52
52
52
52
49
51
50
53
53
50
54
54
76
68
53
56
50
51
52
54
51
55
69
61
1194
1299
1621
852
94642
76365
71530
116509
942
349
3143
1186
14553
43123
67935
52633
68246
141378
6902
15064
157513
220772
214989
218845
218799
224986
203846
20 round of counting
0
1
0
0
0
0
0
0
0
0
0
0
0
0
0
0
0
0
0
0
0
0
0
0
0
0
0
0
0
0
2
0
0
0
376
53
120
287
8
0
0
0
0
38
281
56
135
118
3
1
478
353
496
346
657
1115
408
21 round of counting
0
2
0
0
0
0
0
0
1
0
0
0
0
0
0
0
0
0
0
0
0
0
0
0
0
0
0
0
0
0
0
0
0
0
0
0
24
2
0
0
0
0
0
0
0
0
14
62
15
1
0
50
30
60
14
128
222
22 round of counting
4
2
0
0
0
0
0
0
1
0
0
0
0
0
0
0
0
0
0
0
0
0
0
0
0
0
0
0
0
0
3
0
1
1
506
61
172
327
12
1
2
1
39
253
489
39
149
219
11
22
724
249
780
491
843
1276
84
23 round of counting
4814
3278
1324
1481
1222
1319
1364
1255
1857
1292
1361
1368
1426
1392
1318
1334
2441
1527
1424
1382
1234
1927
1287
1326
1454
2303
1352
2635
5901
1582
100689
280817
406799
225917
9052670
14001294
20924238
29800654
95779
100947
834324
245428
1126993
8035509
19564417
17614863
10686666
26698652
2149339
4649443
27154854
70189512
70239335
62202656
72947942
65075723
10808456
24 round of counting
0
0
0
0
0
0
0
0
0
0
0
0
0
0
0
0
0
0
0
0
0
0
0
0
0
0
0
0
0
0
1
2
3
2
139
117
124
193
2
0
6
2
19
69
113
91
102
224
12
29
235
360
386
369
362
397
294
25 round of counting
1101
896
1182
896
470
489
503
578
626
613
614
622
625
613
615
622
928
927
923
923
1450
1436
1513
1519
1095
3853
479
3990
15212
1007
679559
844834
1109753
579947
63825359
46783296
44138300
71589725
555678
212766
1962050
671564
9063128
27321658
41803348
33976523
46111615
88214977
4626909
10138428
96280884
132957726
135080113
130821470
132143455
137479307
145874306
26 round of counting
87
50
60
33
24
26
31
25
45
34
32
32
32
30
27
29
44
34
43
29
53
52
61
59
48
160
32
264
900
59
16101
47703
70510
38468
1474435
2409383
3158226
5040406
14625
12392
146029
41338
187072
1442017
3315468
2646330
1006525
4459717
374950
835923
4742530
9530554
11506075
9574025
10761832
11528395
1872483
27 round of counting
2176
1717
2306
1717
870
873
902
1139
1173
1153
1153
1168
1176
1153
1159
1168
1785
1776
1776
1768
2844
2783
2984
3002
2220
7839
880
8103
32082
2036
1335136
1717365
2316272
1222592
123414939
93761340
91800826
151891633
1097913
435455
4096583
1414198
17577977
55161247
86791306
71518027
89143960
177180823
9644436
21429098
192741134
283088871
284519468
274854876
278272404
288465203
293369684
28 round of counting
0
0
0
0
0
0
0
0
0
0
0
0
0
0
0
0
0
0
0
0
0
0
0
0
0
0
0
0
0
0
0
0
0
0
0
0
0
0
0
0
0
0
0
0
0
0
0
0
0
0
0
0
0
0
0
0
0
29 round of counting
1781
1439
1692
1301
733
768
881
828
859
996
882
971
901
943
876
947
1336
1326
1239
1264
2075
2067
2451
2222
1439
5057
711
5233
20350
1406
791097
1039501
1350343
670428
69181838
55354782
51388534
86592008
665126
265031
2279501
797569
10323671
32040393
52829227
39702375
51325320
102685046
5395347
12138311
120611890
163541263
196252882
171623501
178036116
165218766
158732017
30 round of counting
0
0
0
0
0
0
0
0
0
0
0
0
0
0
0
0
0
0
0
0
0
0
0
0
0
0
0
0
0
0
0
0
0
0
0
0
0
0
0
0
0
0
0
0
0
0
0
0
0
0
0
0
0
0
0
0
0
31 round of counting
0
0
0
0
0
0
0
0
0
0
0
0
0
0
0
0
0
0
0
0
0
0
0
0
0
0
0
0
0
0
0
0
0
0
0
0
0
0
0
0
0
0
0
0
0
0
0
0
0
0
0
0
0
0
0
0
0
32 round of counting
0
0
0
0
0
0
0
0
0
0
0
0
0
0
0
0
0
0
0
0
0
0
0
0
0
0
0
0
0
0
0
0
0
0
0
0
0
0
0
0
0
0
0
0
0
0
0
0
0
0
0
0
0
0
0
0
0
33 round of counting
0
0
0
0
0
0
0
0
0
0
0
0
0
0
0
0
0
0
0
0
0
0
0
0
0
0
0
0
0
0
0
0
0
0
0
0
0
0
0
0
0
0
0
0
0
0
0
0
0
0
0
0
0
0
0
0
0
34 round of counting
0
0
0
0
0
0
0
0
0
0
0
0
0
0
0
0
0
0
0
0
0
0
0
0
0
0
0
0
0
0
0
0
0
0
0
0
0
0
0
0
0
0
0
0
0
0
0
0
0
0
0
0
0
0
0
0
0
35 round of counting
0
0
0
0
0
0
0
0
0
0
0
0
0
0
0
0
0
0
0
0
0
0
0
0
0
0
0
0
0
0
0
0
0
0
0
0
0
0
0
0
0
0
0
0
0
0
0
0
0
0
0
0
0
0
0
0
0
36 round of counting
0
0
0
0
0
0
0
0
0
0
0
0
0
0
0
0
0
0
0
0
0
0
0
0
0
0
0
0
0
0
0
0
0
0
0
0
0
0
0
0
0
0
0
0
0
0
0
0
0
0
0
0
0
0
0
0
0
