0 round of counting
44893
302034
312668
311849
160830
253328
283556
314481
193842
223819
257223
287711
320429
159347
191109
221331
26416
26334
60580
17828
25858
25802
14454
29209
29448
18180
11097
10736
10460
10832
10865
9794
10211
10329
10676
10435
1 round of counting
23596
213675
231353
207783
118303
186569
197850
225154
141767
162288
182431
202684
228505
113611
137993
158824
23443
22995
46151
17510
22084
23161
14494
25458
24815
17829
12169
11246
11247
11611
11583
10719
11076
11234
11365
11532
2 round of counting
720
3270
3083
3302
1876
2859
2997
3400
2421
2361
2701
3034
3460
1685
1972
2155
483
476
760
397
462
458
362
468
482
416
323
297
297
306
302
303
306
315
297
315
3 round of counting
671
3178
2854
3050
1714
2518
2706
2912
2314
2215
2608
2769
3022
1609
1828
2199
466
573
810
366
471
457
359
485
478
391
314
295
296
304
304
295
305
299
304
302
4 round of counting
0
0
0
0
0
0
0
0
0
0
0
0
0
0
0
0
0
0
0
0
0
0
0
0
0
0
0
0
0
0
0
0
0
0
0
0
5 round of counting
876
3783
4286
4110
2196
3236
2961
4120
2861
2900
3387
3664
4979
2024
2750
3288
605
587
900
520
571
574
512
618
647
496
449
418
426
427
412
405
397
398
401
423
6 round of counting
7668
99998
104272
103125
55310
86272
94553
106763
66463
76039
87956
97519
108879
54050
65899
76381
9718
9361
21156
6985
9330
9336
5470
10544
10451
7094
4354
4286
4267
4256
4250
4099
4125
4191
4152
4400
7 round of counting
0
0
0
0
0
0
0
0
0
0
0
0
0
0
0
0
0
0
0
0
0
0
0
0
0
0
0
0
0
0
0
0
0
0
0
0
8 round of counting
193
801
835
1150
486
697
313
948
710
671
713
858
1077
177
593
626
128
128
113
116
134
119
143
143
110
102
104
100
100
101
97
106
104
100
103
109
9 round of counting
210
1194
1006
1150
507
912
187
815
739
596
985
742
1167
182
586
591
124
114
113
115
112
123
141
166
111
143
108
98
101
96
94
97
99
96
108
102
10 round of counting
0
0
0
0
0
0
0
0
0
0
0
0
0
0
0
0
0
0
0
0
0
0
0
0
0
0
0
0
0
0
0
0
0
0
0
0
11 round of counting
10332
91359
95606
96033
52282
80557
89530
99361
62846
72430
81688
92260
102069
52027
61173
70183
10593
10606
20716
7771
10115
10296
6532
11205
11191
7935
5477
5161
5010
5170
5235
5084
5165
5124
5078
5188
12 round of counting
10266
94664
96101
98201
53897
85454
89457
99601
66110
72246
81750
94658
102787
56455
61012
70574
10628
10661
20804
7814
10132
10388
6459
11219
11734
7923
5649
5208
5044
5152
5204
5075
5001
5181
5105
5431
13 round of counting
581
2131
1877
1952
1152
1551
1828
1829
1422
1478
1838
1728
1874
1038
1207
1379
428
415
602
336
394
447
368
405
410
343
302
294
286
294
310
276
281
276
284
284
14 round of counting
17789
206810
216135
222185
120275
180537
201320
225112
138983
159590
182701
204173
226991
114101
135407
157535
21026
20636
44689
15853
20465
20517
12067
22631
22891
15656
9928
9625
9561
9577
9574
9313
9695
9629
9489
9962
15 round of counting
18901
209491
216796
218546
117599
181416
202889
224114
140673
163110
186025
206858
229989
115529
137965
160428
21491
20919
45464
15549
20733
21211
12264
23327
23205
15890
10196
9866
9654
9892
9847
9484
9409
9519
9605
10088
16 round of counting
743
2712
2696
2688
1405
2202
1745
2331
1642
1802
2244
2246
2605
1110
2222
1711
507
469
620
443
489
472
464
532
525
426
430
402
392
375
378
374
366
363
369
388
17 round of counting
8053
117254
120873
123052
65361
101283
113801
125560
77511
89894
103014
115656
127722
64275
76489
88911
10975
10555
24507
7753
10500
10601
5801
11707
11832
7841
4530
4491
4397
4472
4436
4390
4364
4468
4436
4712
18 round of counting
8349
118532
122347
123673
65227
102049
113966
126354
78485
90481
103750
116093
128734
64322
77067
89524
10854
10661
24497
7822
10607
10674
5877
11843
11974
7835
4606
4565
4434
4515
4528
4477
4405
4470
4459
4730
19 round of counting
185
393
237
1139
471
1126
306
536
487
227
338
746
1054
154
368
683
127
155
115
105
105
102
143
128
111
112
98
90
87
97
86
86
83
89
84
94
20 round of counting
0
0
0
0
0
0
0
0
0
0
0
0
0
0
0
0
0
0
0
0
0
0
0
0
0
0
0
0
0
0
0
0
0
0
0
0
21 round of counting
0
0
0
0
0
0
0
0
0
0
0
0
0
0
0
0
0
0
0
0
0
0
0
0
0
0
0
0
0
0
0
0
0
0
0
0
22 round of counting
0
0
0
0
0
0
0
0
0
0
0
0
0
0
0
0
0
0
0
0
0
0
0
0
0
0
0
0
0
0
0
0
0
0
0
0
23 round of counting
42643
17339
13320
12903
9052
11764
12406
13378
9563
10936
11756
12850
17882
8747
9113
10447
4255
3826
5263
3989
3939
4003
3507
4124
3932
3667
3302
3062
3065
3039
2986
3119
2966
3131
3228
3133
24 round of counting
0
0
0
1
0
0
0
0
0
0
0
0
0
0
0
0
0
0
0
0
0
1
0
0
0
0
0
0
0
0
0
0
0
0
0
0
25 round of counting
2280
37944
39276
40200
21147
33154
37012
41007
25547
29376
33932
37836
41762
20801
25057
28952
3378
3321
7849
2362
3322
3325
1833
3690
3735
2347
1378
1361
1355
1369
1369
1308
1342
1364
1372
1388
26 round of counting
170
193
135
138
177
137
161
174
146
169
167
188
242
134
125
152
61
55
55
62
58
56
43
61
49
57
43
34
40
32
27
40
31
37
33
48
27 round of counting
3821
63127
65000
65963
34656
54542
60929
67541
41831
48180
55497
61986
68495
34248
41152
47611
5591
5518
12998
3938
5517
5525
3063
6154
6219
3962
2333
2308
2269
2309
2318
2189
2254
2282
2307
2340
28 round of counting
1311
27146
33884
28011
12679
20938
23382
26004
15492
18195
20397
23222
27615
13137
15267
18056
2251
2541
4660
1211
2135
2074
1301
2718
2718
1311
1041
859
725
925
949
546
671
671
834
579
29 round of counting
2745
60672
71487
55813
23916
9231
36992
62711
17226
7876
31119
56715
70171
32680
39472
46458
5073
5767
10913
2832
4939
4913
3105
6019
5660
3301
2338
2112
2005
2353
2301
1464
1837
1827
2072
1601
30 round of counting
186
4919
6611
4851
2362
3881
4355
4843
2882
3385
3791
4330
5222
2445
2842
3361
389
482
747
115
371
357
241
499
499
186
202
162
110
175
180
44
81
81
137
63
31 round of counting
223
5969
8286
6050
2828
4610
5181
5766
3454
4049
4559
5167
6262
2932
3392
3986
484
599
901
144
456
439
302
612
612
223
252
188
131
212
215
56
103
103
171
76
32 round of counting
49
1170
1575
1050
445
808
876
970
571
666
730
853
983
498
539
666
84
103
162
48
86
84
60
105
105
49
48
32
20
35
38
14
25
25
33
19
33 round of counting
49
1170
1575
1050
445
808
876
970
571
666
730
853
983
498
539
666
84
103
162
48
86
84
60
105
105
49
48
32
20
35
38
14
25
25
33
19
34 round of counting
458
12058
16472
11951
5635
9299
10412
11579
6907
8100
9080
10350
12467
5875
6773
8013
957
1184
1810
307
913
880
603
1216
1216
458
502
382
261
422
433
114
209
209
341
158
35 round of counting
0
0
0
0
0
0
0
0
0
0
0
0
0
0
0
0
0
0
0
0
0
0
0
0
0
0
0
0
0
0
0
0
0
0
0
0
36 round of counting
458
12058
16472
11951
5635
9299
10412
11579
6907
8100
9080
10350
12467
5875
6773
8013
957
1184
1810
307
913
880
603
1216
1216
458
502
382
261
422
433
114
209
209
341
158
