0 round of counting
1388136
1463075
953661
10818422
1118931
1369760
1262279
6969340
4955732
39027884
35377614
5126055
1625722
1197727
880071
1275845
1302936
1283971
1380165
1219404
1633612
9753840
5362726
14946603
27185557
1618698
1197856
2168983
3334223600
2342098
1749750779
1674796891
2190962
1609132619
3120597129
1794878615
911612410
97093681
97962965
1 round of counting
984841
1024852
641168
7567725
770825
902502
852334
4834711
3408160
26494237
24029811
3504474
1065565
789215
568343
832706
837038
913351
941584
847246
1132658
6750289
3752642
10267788
18764009
1075512
798223
1521997
2253372172
1552496
1193309422
1132105379
1430665
1081850550
2141844181
1212130902
657492687
77505292
80338146
2 round of counting
2065
1647
816
5575
936
1333
1020
4652
3028
17070
13815
2863
1337
1077
823
1068
1204
921
883
1095
1094
4435
3085
7617
12426
1517
1458
1624
489897
1274
301118
196775
1442
127605
538238
424459
311284
30676
20232
3 round of counting
2366
1072
883
5244
871
870
938
3821
2786
14445
11258
2556
1252
1393
1063
1177
1110
1051
1062
831
1114
3958
2807
5834
11884
1600
1215
1398
453712
1229
268074
192913
1218
140847
551453
267541
307421
30955
22325
4 round of counting
22
5
0
1
1
0
0
0
0
1
2
0
0
0
0
0
0
0
0
0
0
0
0
0
1
0
0
0
3
23
1
16
23
4
19
16
20
27
1
5 round of counting
3799
2966
1451
18905
3388
3334
2527
13705
9910
73267
56508
9006
2127
1414
1570
1930
2511
2139
2343
1928
3241
15540
9996
26389
51923
2043
1613
4117
6048991
8029
3140782
2967898
7530
2861327
5817081
3267146
2436376
418936
447140
6 round of counting
471294
499438
325375
3763777
383991
457947
429834
2412606
1723366
13780426
12434850
1777121
578082
426029
305496
444601
451845
455580
477420
422929
566049
3433943
1867589
5235101
9617603
574184
431589
776957
1216452776
809690
640701395
611870606
744576
584980068
1135926958
650699284
335410500
31855514
32675041
7 round of counting
54
12
1
3
4
1
0
2
1
0
2
2
0
0
0
0
0
1
0
0
1
0
0
4
1
0
1
0
45
24
7
20
12
5
23
27
21
49
4
8 round of counting
1287
1126
881
12092
1203
1762
1615
9520
6244
55546
44183
7448
1810
1019
924
1131
1411
1454
1320
1315
2084
13949
8026
21015
41756
1825
1484
2785
5421703
6977
2848531
2706063
6681
2681549
5246665
3052463
2037537
378523
413730
9 round of counting
1196
1570
474
13335
1491
980
1121
9301
5419
55422
49732
6758
1551
790
1129
1961
2141
1696
2244
1335
1764
13137
8197
23499
43125
1275
1474
3231
5537412
7060
2902768
2765224
7704
2737470
5279266
2961205
2133488
376618
431411
10 round of counting
4
1
0
0
0
0
0
0
0
0
0
0
0
0
0
0
0
0
0
0
0
0
0
0
0
0
0
0
532
18
43
14
3
1
1
1
0
228
1
11 round of counting
501528
531380
333409
3939044
398150
473226
444485
2508472
1801778
13836611
12605526
1842354
580863
429739
296077
440115
440640
478071
503482
446583
601349
3538741
1983643
5420643
9776659
565321
421794
816664
1113817777
755631
592344402
562350146
707197
535840724
1058575487
600440729
325527283
39668431
40100254
12 round of counting
510493
535554
331589
3969117
401015
469986
450814
2517927
1796391
13721749
12503525
1828726
566370
424936
296831
435486
436326
476616
493809
446050
595231
3525613
1970790
5352796
9684441
570611
422443
816203
1121523074
753663
590791568
558333511
703946
533379411
1055298025
603768788
329142346
39510711
40134824
13 round of counting
1139
629
502
1749
478
454
430
1658
862
4764
3123
830
472
510
409
418
417
541
443
552
455
1115
889
1669
2670
465
505
533
157755
602
81885
77407
561
48671
188891
85114
98287
7813
5808
14 round of counting
1037161
1111696
708742
8301692
831192
997513
927728
5295075
3772412
29674226
26938215
3886011
1228797
912297
646092
943522
947457
1002009
1046178
926652
1232103
7434961
4096234
11361520
20842128
1217623
897782
1707872
2541212734
1660352
1345382386
1275569158
1528296
1218677471
2373584497
1362531723
711808654
75268916
76045733
15 round of counting
1043052
1116347
709261
8308810
841973
995988
931233
5279022
3771440
29732891
27036984
3901475
1244681
925736
643167
937989
941069
999123
1038945
926334
1240934
7465908
4097280
11438272
20794942
1229338
908508
1695502
2540537840
1667586
1339939337
1278872138
1535937
1220041318
2386064838
1369959638
718253009
75854532
76580625
16 round of counting
2576
2305
1899
13240
1798
1298
1493
10375
6484
60001
46932
7889
2138
2624
1602
2383
2723
2571
2349
2400
2462
13424
8598
23226
45538
1590
1240
2737
5562710
6960
2894356
2764697
6505
2750773
5266619
2999170
2125947
375547
426609
17 round of counting
537248
574223
375022
4389634
438951
528945
487510
2770657
1961195
15887451
14385577
2031994
653541
478339
345659
497856
502892
513658
542399
475839
639340
3936124
2127710
6020576
11052307
648946
476711
882979
1422080264
900601
751214366
719821208
817588
687724308
1333992297
769545818
390095297
35765969
36335923
18 round of counting
540739
577127
375694
4394536
442596
530411
489227
2801266
1983257
16013591
14471455
2047619
656812
487796
348526
502980
507912
519279
550337
479693
641438
3969456
2139392
6074242
11115916
652983
479413
889203
1433255544
911112
755412586
721873683
825331
691194124
1336550082
771454173
392238624
36169410
36650752
19 round of counting
1781
1975
686
12708
1246
1463
1855
9486
6404
51576
46144
6158
1494
1300
908
1610
2551
1036
1861
1105
1859
12428
7733
19736
39113
601
908
2129
5731101
6614
3007006
2814542
6961
2795368
5286218
3058735
2098331
367725
414338
20 round of counting
0
0
0
0
0
0
0
0
0
0
0
0
0
0
0
0
0
0
0
0
0
0
0
0
0
0
0
0
2
0
0
0
0
0
96
131
20
92
0
21 round of counting
31
2
0
0
0
0
0
0
0
0
0
0
0
0
0
0
0
0
0
0
0
0
0
0
0
0
0
0
3
0
1
2
0
4
3
2
0
6
9
22 round of counting
3
0
0
0
0
0
0
0
0
1
0
0
0
0
0
0
0
0
0
0
0
0
0
0
0
0
0
0
6
0
2
0
0
0
1
1
2
12
0
23 round of counting
65463
61812
31940
432047
41254
40581
40436
261474
188855
1358400
1273796
189511
52523
40876
27940
38685
33955
56646
50972
52748
61592
369079
215213
560895
1033293
55450
43969
97633
90633915
47585
48666084
44695303
41477
41211993
89708381
46663246
31684377
5220982
5173322
24 round of counting
1
0
0
4
0
0
1
2
1
11
11
1
0
1
0
0
1
0
1
0
0
3
2
4
8
0
1
0
946
1
500
475
1
449
888
505
275
32
34
25 round of counting
217464
238228
156237
1692865
182666
223014
208131
1098152
787860
6072323
5515430
814922
256617
190778
142169
203952
208977
207399
223222
199609
266275
1531851
851674
2344699
4246254
255306
190980
344206
513789038
385941
269691702
257980168
364466
247516931
481397417
276736486
140465179
15154882
15495450
26 round of counting
6606
6747
3211
55617
4716
4511
4847
33653
23776
178075
163469
23670
4952
4298
2286
3568
3194
6062
5342
5236
7326
47971
27376
73018
133938
5271
4219
11055
10630557
4220
5827985
5191800
3163
4732952
10814978
5545549
4030182
625577
584093
27 round of counting
330078
359472
236121
2622406
275264
336994
309613
1687862
1204716
9468275
8599144
1245010
400082
296357
217076
315702
322321
316560
341280
301266
399420
2368803
1302899
3630404
6581223
397995
296223
528770
819070103
572750
429387456
412495106
535810
396270315
764280900
441390078
218824187
24097526
24582020
28 round of counting
26794
34388
21606
136286
25074
33205
32419
95807
79578
390243
359774
77628
26532
21102
17306
24538
26090
25841
29257
27771
37181
119896
81253
178503
295835
26532
21102
35198
20587136
60730
10887835
9750961
60642
9422998
20190644
10885834
7262625
1565854
1563826
29 round of counting
162081
178613
121566
1279232
135587
165300
161206
831575
582072
4478852
3978836
609697
172969
127803
100823
146663
146299
153412
166079
150186
201063
1108934
651062
1757455
3150357
161800
127043
252906
418532663
375851
218242537
214012277
365154
207508922
407936967
225639228
127285709
15041964
17478462
30 round of counting
0
0
0
0
0
0
0
0
0
0
0
0
0
0
0
0
0
0
0
0
0
0
0
0
0
0
0
0
0
0
0
0
0
0
0
0
0
0
0
31 round of counting
0
0
0
0
0
0
0
0
0
0
0
0
0
0
0
0
0
0
0
0
0
0
0
0
0
0
0
0
0
0
0
0
0
0
0
0
0
0
0
32 round of counting
0
0
0
0
0
0
0
0
0
0
0
0
0
0
0
0
0
0
0
0
0
0
0
0
0
0
0
0
0
0
0
0
0
0
0
0
0
0
0
33 round of counting
0
0
0
0
0
0
0
0
0
0
0
0
0
0
0
0
0
0
0
0
0
0
0
0
0
0
0
0
0
0
0
0
0
0
0
0
0
0
0
34 round of counting
0
0
0
0
0
0
0
0
0
0
0
0
0
0
0
0
0
0
0
0
0
0
0
0
0
0
0
0
0
0
0
0
0
0
0
0
0
0
0
35 round of counting
0
0
0
0
0
0
0
0
0
0
0
0
0
0
0
0
0
0
0
0
0
0
0
0
0
0
0
0
0
0
0
0
0
0
0
0
0
0
0
36 round of counting
0
0
0
0
0
0
0
0
0
0
0
0
0
0
0
0
0
0
0
0
0
0
0
0
0
0
0
0
0
0
0
0
0
0
0
0
0
0
0
