0 round of counting
16269
208888708
8231
6658
550790219
550741334
550457931
550803811
550661226
550753478
550688112
550697939
21970620
10838463
6663
57179399
504195183
474956007
545757136
460502030
321089613
525244499
402207773
81295457
292398886
375940643
24151183
533989441
39675178
98169054
445515770
15886242
191508417
9553
6823
503158
1 round of counting
15512
348262218
39510
12778
637684512
629187066
637049562
623736169
631618499
633981733
621746440
620910197
24654508
12277952
13033
66200532
573912073
541619063
630307711
526992266
361862310
593992508
455858034
94274143
331514289
424985434
27707272
612869497
50024018
115244664
518438152
18239751
217134809
22635
13808
605637
2 round of counting
534
792
262
394
1293
971
766
777
823
755
794
797
294
483
452
541
1117
867
913
793
504
999
585
367
604
538
327
1090
444
618
600
296
539
265
398
472
3 round of counting
616
1196
602
410
1471
1678
1598
1456
1647
1560
1348
1523
617
529
464
558
1406
1539
1798
1709
1268
1947
1543
720
1154
1327
607
1470
636
638
1930
695
1444
570
446
515
4 round of counting
66
385
351
21
518
761
719
721
729
723
725
716
314
31
18
29
478
712
772
754
660
731
679
340
468
682
308
503
313
63
536
313
389
297
40
54
5 round of counting
729
28698
336
598
45827
45452
45803
45294
45927
45883
49937
46816
11339
8842
634
36654
55427
39825
45820
38601
26031
43823
33556
42326
42127
31076
13519
49458
29604
67012
59719
9091
21844
370
585
1034
6 round of counting
3673
123582077
4993
3620
103572140
104127379
103292350
103293143
103645952
103971191
102534373
103123187
4124465
2046924
3733
10772128
95915702
88761909
102799270
87093433
59818618
99577922
75246646
15260135
55076650
70937206
4514891
100610644
11492239
21287391
88009525
3035160
36066061
5820
3866
110086
7 round of counting
60
134977
414
34
134335
136036
132076
135587
135937
136043
132525
135267
5241
38
25
7777
112278
119448
135338
113786
80705
131842
100438
18887
56347
95029
5901
126971
12351
12122
92531
4016
42361
343
35
161
8 round of counting
168
268980
137
166
284264
282649
285367
285959
282196
282496
286750
284663
11277
8253
187
36249
272236
241652
279579
237649
163760
269216
205783
43919
166392
191715
13311
279616
29344
71488
258562
9046
102128
166
178
573
9 round of counting
167
402779
207
180
418835
418488
418551
417237
417617
417252
421815
417945
16190
8252
195
43977
383772
360862
414690
349861
243692
399119
305105
62510
222266
286600
18850
405954
41734
83951
350804
12572
145753
229
183
792
10 round of counting
0
134996
70
4
132317
135338
135179
135039
132122
134447
134786
135102
4719
3
4
7515
109579
118659
135722
113199
79974
130594
99078
18588
55849
94226
5552
125804
12136
12227
92201
3651
43395
57
1
109
11 round of counting
6406
104500352
7112
5087
144973807
139808760
143967015
136572579
141312344
142723517
135125134
134864495
5315568
2672071
5179
15021943
126357921
119568570
142490441
117065602
78741547
128757947
100017934
21422401
72572750
92350241
6213781
136728062
12221431
26423171
118282241
4067700
47437187
7478
5164
145567
12 round of counting
6419
104554518
7033
5238
145057409
139748623
143872259
136543767
141270453
142665677
135132253
134850562
5316192
2672549
5364
15017508
126365917
119576846
142511248
117094841
78752632
128796008
100046503
21486290
72573220
92347657
6214233
136700159
12224597
26416590
118435928
4066261
47437306
7441
5278
145708
13 round of counting
566
893
547
428
3410
3071
3282
3175
3274
3225
3109
3220
650
563
457
779
2924
2831
3250
2873
2023
3311
2666
891
1965
2381
661
3523
692
894
2432
580
1428
512
425
505
14 round of counting
8893
238647902
11491
7947
261557006
256047558
260441924
252604901
257646575
259101125
251026253
250776707
9952357
4990736
7881
27254061
232731473
219593088
257677761
214274423
146229602
239087771
184730019
38682100
134161635
171592164
11333150
249265628
24652116
50264427
217833480
7497910
87793261
11617
8120
269982
15 round of counting
10045
238583551
11072
8128
261616554
256157370
260434518
252678918
257726052
259162128
251084069
250791587
9952260
4993347
8525
27258512
232761399
219692541
257836006
214314162
146257391
239169912
184706981
38712826
134195036
171686681
11334860
249322686
24654400
50281332
216301278
7499206
87820286
12479
8552
270708
16 round of counting
710
41162
733
590
63778
60879
61982
62509
63254
63394
64482
63697
2453
3025
666
10794
64745
48669
62571
53421
36289
58687
45949
10428
42512
43094
3878
61563
6846
20876
66170
2946
25006
739
636
1008
17 round of counting
2784
133817019
3983
2921
116342871
116080636
116273793
115885483
116188190
116263269
115763345
115805648
4631179
2316441
2826
12217877
106246265
100066693
115260905
97258065
67542711
110450792
84742722
17272883
61621255
79287564
5121160
112619600
12441516
23841433
99459435
3434256
40390737
4868
3053
124614
18 round of counting
2989
133965441
4108
3128
116468784
116199528
116379902
115971254
116271497
116329672
115837189
115851289
4632061
2318679
3097
12223554
106302072
100082236
115282809
97266407
67545190
110458398
84778239
17281950
61675097
79353143
5131197
112724239
12469160
23867892
99541649
3436195
40413007
5063
3235
125082
19 round of counting
166
40717
207
176
59700
58284
58924
58637
59629
58487
61332
59553
1754
2503
192
9569
62168
45338
57925
49829
33885
54764
43627
9251
40850
40625
3047
58217
5747
19761
61709
2157
22831
226
182
438
20 round of counting
1
72
2
0
9
3
45
6
10
3
4
0
0
0
0
0
1
0
3
0
0
0
0
0
3
1
0
5
0
0
3
1
0
0
0
0
21 round of counting
1
1
0
0
0
0
0
0
0
0
0
0
0
0
0
0
0
0
0
0
0
0
0
0
0
0
0
0
0
0
0
0
0
0
0
0
22 round of counting
2
56
0
0
1
0
19
0
0
0
7
0
0
0
0
0
0
0
12
2
0
0
0
0
0
0
0
0
0
0
0
0
0
0
0
0
23 round of counting
8796
16334653
27858
7546
21976980
19700629
21621676
18303639
20369002
20984566
17727157
17582378
681307
336245
6106
2221483
17393101
16593192
21321028
16604665
10290376
16856054
13465600
3263143
9728760
12027675
900631
20057288
1783948
3690965
17007398
566117
6338642
9379
6680
28553
24 round of counting
0
146
0
0
268
264
267
261
266
265
260
260
10
6
0
27
241
226
264
221
152
248
191
40
138
178
12
257
21
48
218
7
91
0
0
0
25 round of counting
745
10626018
1002
825
20619693
20616222
20596232
20620630
20610603
20617089
20603544
20613217
820170
406083
836
2125092
18871745
17778039
20430197
17224312
12016661
19662591
15048943
3034495
10935051
14045144
902091
19991195
1603221
3810846
17275166
595615
7160143
1055
821
20239
26 round of counting
119
406
99
64
888414
525013
824059
301655
632920
728499
204323
179787
152
134
68
81960
362410
388329
802262
444866
113848
182918
235428
128198
158054
126027
27656
591453
18533
65555
516168
11794
93911
97
73
859
27 round of counting
1373
13626725
1804
1491
30598089
30583061
30495592
30602366
30558284
30586788
30566795
30570000
1197090
600970
1512
3054502
27981897
26364378
30310505
25465453
17806614
29173262
22279538
4444610
16155255
20663830
1322391
29668467
2284108
5466174
23758697
837690
10565473
1810
1478
29383
28 round of counting
220
155500074
376
372
210493754
210490626
210471368
210494750
210485487
210491498
210488271
210487049
8413144
4123148
220
22002877
192721155
181538377
208580578
176134316
122747703
200738237
153790195
31156176
111854123
143945969
9252454
204068585
18579969
40260824
174701523
6150609
73278503
1609
525
202049
29 round of counting
1127
184965101
4323
1636
383087958
383412716
383193579
382466611
382643619
383456532
382422600
382494732
15272675
7583097
1347
39905714
350910871
329809859
379375602
320601978
222619927
365998814
279100137
56586842
203398506
261980277
16778509
371840839
29376555
69568073
314131155
11140089
133377063
4037
1343
351616
30 round of counting
57
57000000
114
114
66998865
66998290
66994870
66999040
66997325
66998435
66997865
66997770
2678740
1338740
57
7007647
61342907
57783319
66390202
56066512
39070977
63893942
48952752
9919477
35605752
45825276
2945707
64953637
6250915
13063660
55835649
1960577
23326934
570
171
65450
31 round of counting
63
63000000
126
125
74998619
74997918
74993822
74998836
74996781
74998117
74997413
74997136
2998488
1478489
63
7843885
68667229
64682646
74317259
62760478
43735970
71522945
54797524
11103588
39856785
51296021
3297346
72709203
6961051
14596252
62478292
2194330
26111814
627
187
73127
32 round of counting
0
0
0
0
0
0
0
0
0
0
0
0
0
0
0
0
0
0
0
0
0
0
0
0
0
0
0
0
0
0
0
0
0
0
0
0
33 round of counting
0
0
0
0
0
0
0
0
0
0
0
0
0
0
0
0
0
0
0
0
0
0
0
0
0
0
0
0
0
0
0
0
0
0
0
0
34 round of counting
120
120000000
240
239
141997484
141996208
141988692
141997876
141994106
141996552
141995278
141994906
5677228
2817229
120
14851532
130010136
122465965
140707461
118826990
82806947
135416887
103750276
21023065
75462537
97121297
6243053
137662840
13211966
27659912
118313941
4154907
49438748
1197
358
138577
35 round of counting
0
0
0
0
0
0
0
0
0
0
0
0
0
0
0
0
0
0
0
0
0
0
0
0
0
0
0
0
0
0
0
0
0
0
0
0
36 round of counting
120
120000000
240
239
141997484
141996208
141988692
141997876
141994106
141996552
141995278
141994906
5677228
2817229
120
14851532
130010136
122465965
140707461
118826990
82806947
135416887
103750276
21023065
75462537
97121297
6243053
137662840
13211966
27659912
118313941
4154907
49438748
1197
358
138577
