0 round of counting
1546152
1542327
1544920
710519
2489121
1062722
10639887
19788990
29395410
42663939
22115230
8014342
35564292
26229000
15329050
8346582
45142799
15465553
11355997
56841
48235
41748
783269
804752
369582
601051
628673
285171
746754
464898
292274
314848
462174
339491
71227
64744
60476
14570253
9658610
64843
60621
19281934
35508949
54155
2496643
49216
7177936
10419546
2721247
26705
1 round of counting
1099560
1098145
1108255
501109
1812242
805402
8030756
15730089
23011503
33302691
15339618
5583502
26844066
19688277
11867949
5892878
34917345
11851271
8232342
46554
38840
34494
501861
526604
230943
385150
394464
173782
516788
331527
184997
208239
333562
233675
64933
49286
45319
10617601
6575552
52208
45482
14471409
27304464
44536
1798956
42202
4855236
7162564
1852268
27490
2 round of counting
1439
1627
1588
1320
4224
1516
16116
36611
58071
78320
41360
18503
97386
44095
41820
13413
126560
48786
24932
1480
1127
1006
1366
1306
1246
1201
1278
1105
1276
1185
1229
1149
2283
1201
1407
1237
1120
27060
16436
1331
1301
39105
71637
1265
3630
1139
7759
13104
4177
884
3 round of counting
1744
1581
1439
1275
4792
1550
16453
37674
52839
72484
50667
13708
109360
50127
32361
17259
109907
42783
23719
1209
1094
919
1113
1004
1022
956
953
915
978
946
1145
1160
2408
1197
1383
1203
1138
25607
17270
1296
1278
34166
79737
1223
3015
1052
8112
20760
4397
823
4 round of counting
9
4
0
3
0
0
0
0
0
0
0
0
0
0
0
0
0
0
0
0
0
0
0
0
0
0
0
0
0
0
0
0
0
0
0
0
0
0
0
0
0
0
1
0
0
0
0
0
0
0
5 round of counting
3695
2067
1773
1693
6795
4369
20452
76757
86433
95482
57075
18565
131729
63053
49491
18735
150704
59750
19684
1783
1465
1354
1691
1696
1558
2277
1602
1535
1514
1729
1393
1683
3195
1600
1804
1513
1417
39065
30776
1681
1535
44470
92314
1763
7933
1424
15303
27333
7337
1148
6 round of counting
441992
445183
448548
219051
730996
322281
3006749
5748188
8556774
12335371
6312657
2327615
9749890
7688695
4328279
2396234
12824750
4375843
3161326
23493
18733
15567
232546
235822
120586
184483
197687
106064
248422
151296
108126
107220
140169
108187
26348
23228
21531
4312356
2683880
24199
21888
5668855
10266049
22456
752327
18734
2066269
2963508
774704
11656
7 round of counting
6
6
0
3
0
0
0
0
1
3
7
0
0
1
0
0
0
0
0
0
0
0
0
0
0
1
0
0
0
0
0
0
0
0
0
0
0
0
0
0
0
1
0
0
0
0
1
0
0
0
8 round of counting
411
299
282
281
3056
471
5686
10657
29140
17899
18505
6499
21617
28605
15075
7931
36767
11689
10211
307
306
246
298
274
276
267
297
262
249
254
321
760
316
326
310
266
248
13260
9513
279
254
24225
13939
383
2939
244
6151
21392
4048
206
9 round of counting
306
324
399
371
697
606
6897
14577
24755
39629
19323
12810
21222
22782
14091
9380
25808
16145
9730
329
298
285
2630
1257
337
312
904
373
1481
684
343
331
520
373
379
255
340
15746
10360
279
280
16196
11078
263
8317
250
9669
7620
3251
226
10 round of counting
0
0
0
0
0
0
0
0
1
0
0
0
0
0
0
0
0
0
0
0
0
1
0
0
0
0
0
0
0
0
0
0
0
0
0
0
0
0
0
0
0
0
0
0
0
0
0
0
0
0
11 round of counting
375823
368571
386021
174891
659690
281189
2757659
5415338
8256791
11931265
6004578
2084227
10762643
7365397
4713435
2275773
13566650
4503659
3124204
22903
18489
16634
198318
202188
92738
148415
150133
69904
203573
132451
73379
85078
122096
91640
30427
23121
21470
4101402
2495614
24006
20780
5674566
10445248
21823
669174
19546
1790493
2717043
699400
12923
12 round of counting
389290
383482
386110
177714
661083
282655
2767191
5470600
8260342
11886721
5965977
2098039
10703861
7361138
4651500
2253955
13599190
4501812
3133272
22830
18612
16356
193615
197757
91451
146514
148738
69300
198775
128282
71784
83416
124009
90786
28514
23214
21345
4061057
2525320
24537
21401
5687194
10561646
25986
664544
19892
1783306
2719819
693007
13414
13 round of counting
1195
889
726
888
4868
1225
13952
32094
53675
68195
48087
9172
111178
43021
38657
12454
122150
45196
21385
772
671
681
986
934
890
911
945
830
919
841
853
889
1244
837
874
726
625
21699
19135
754
689
34854
82661
775
2571
677
7799
21099
4197
625
14 round of counting
913246
909157
935070
429770
1545460
680669
6548029
12676722
18830918
27283480
13778834
4816534
22611842
16736133
9978355
5189510
29283960
9936585
7045370
45085
38948
33569
483468
496799
245371
380009
400381
207803
510271
320204
209531
206081
293684
224735
58407
48853
44668
9301453
5813977
51399
46146
12604033
23361859
44770
1576849
40742
4270552
6351299
1656129
25198
15 round of counting
914510
925803
920387
429795
1554460
677546
6582789
12786912
18940337
27146926
13809495
4855463
22704074
16852365
10051994
5142307
29555346
9841602
7064547
46554
40031
34356
489632
498125
248460
379298
394834
208729
509099
318353
211946
210446
307700
225775
58497
49731
45915
9323897
5882757
51205
46100
12540887
23229507
46573
1585426
41569
4278468
6382825
1665857
25659
16 round of counting
1582
1669
1440
1326
5454
1702
25669
51692
91809
99682
67801
19666
141700
62627
52054
29488
147470
55865
34218
1117
951
861
1872
1423
1523
1299
1048
1130
2774
1234
1132
1117
2027
1310
1514
1001
962
30811
33606
1059
995
48325
101990
1025
6280
992
27627
29464
9613
860
17 round of counting
537349
540039
541464
257276
890030
386700
3733821
7102296
10503937
15217802
7792430
2777747
12058931
9439058
5397176
2939760
15907182
5427382
3933711
24291
20983
17513
285075
287899
151717
228755
244817
136693
301428
186091
138549
121088
172256
131671
29599
25915
24384
5297791
3343018
26888
24535
6892595
12701676
23462
915968
21512
2492102
3644087
963882
12451
18 round of counting
546266
546110
551719
257442
890193
393764
3747123
7103387
10516848
15270385
7811550
2773969
12100214
9463597
5388384
2940382
15914395
5454368
3972736
26505
22016
18116
285623
290931
152742
227944
241479
136906
302113
185882
138208
124213
172325
131793
30169
26377
24926
5280938
3355687
27638
25419
6946044
12773255
23806
923168
21418
2491049
3646556
963001
12935
19 round of counting
2749
2003
458
481
5143
392
11278
18959
29336
19193
36538
8216
18083
17475
9103
8508
23720
7857
3951
283
259
248
370
354
334
325
311
361
756
330
270
300
812
325
468
260
244
11293
8576
370
252
3265
23300
257
4630
240
7840
20670
4316
264
20 round of counting
5
0
0
0
0
0
0
0
0
0
0
1
0
0
1
0
4
4
0
0
0
0
0
0
0
0
0
0
0
0
0
0
0
0
0
0
0
0
0
0
0
0
0
0
0
0
0
0
0
0
21 round of counting
13
6
2
0
3
1
1
1
2
1
23
19
16
5
1
1
1
1
0
1
1
0
3
1
1
0
0
0
0
0
0
0
1
0
2
0
1
1
1
1
1
2
1
1
1
1
1
1
1
1
22 round of counting
6
16
9
3
4
0
0
2
1
5
117
4
0
1
0
2
2
1
2
1
1
1
0
1
1
0
0
1
0
0
0
0
1
0
1
1
1
1
1
1
1
1
2
1
1
1
2
1
1
1
23 round of counting
39789
36727
27229
21487
83118
35838
420203
933598
1285438
1706606
840313
297821
2028133
1201586
1061508
411053
2526253
972910
502210
10075
8714
8043
21831
25892
13930
13714
11958
8748
21680
16852
9483
11010
23269
13036
11636
7853
7348
635335
290130
9785
10995
991583
1855645
12505
89183
8951
174642
354675
99632
8748
24 round of counting
6
4
6
2
7
4
23
56
75
140
46
25
97
88
41
28
115
53
39
0
0
1
2
2
0
0
0
0
1
0
0
0
0
0
0
0
0
44
31
0
0
67
107
0
9
0
22
34
7
0
25 round of counting
161255
163421
164089
77782
269604
114125
1140166
2099402
3119248
4469810
2387456
849807
3768382
2793137
1595293
868230
4654667
1620918
1196010
7921
6864
5389
85882
87242
40903
65280
68775
32587
81876
50781
33107
35171
49926
37548
8606
8192
7699
1543578
1037743
8143
7725
2039932
3685491
7076
269802
6251
773980
1116186
287104
3493
26 round of counting
3233
2862
2516
650
4464
2429
24631
59917
92534
125398
49833
14807
135862
73743
61795
20291
173668
48602
31538
133
108
116
1129
1131
386
643
577
143
2004
1304
185
409
671
655
334
127
116
43683
14367
189
126
73156
122430
200
5429
164
11355
16534
4180
145
27 round of counting
309492
314057
315661
147696
516307
213182
2103643
3944233
5882308
8566449
4458171
1564873
6977005
5289323
3012101
1654001
8978841
3052882
2228028
13059
11284
8990
164733
167826
70085
118700
121599
48874
147294
93136
51650
64654
89147
68936
14697
13425
12647
2975540
1914375
13375
12680
3871536
7165411
11571
507083
10427
1388564
2106479
538273
5944
28 round of counting
236117
239044
240623
97737
337020
165689
1572878
2693790
4072595
5739785
3223103
1214204
5536633
3384577
2198671
1129635
6414082
2163724
1673538
594
498
3801
103671
113951
46152
91522
89065
24032
97962
61144
24311
39160
51928
42816
6859
8139
7188
1821917
1570110
8402
7152
2447242
4680214
5295
320186
5134
1206240
1620416
396232
1452
29 round of counting
320332
296718
308249
132207
492792
217056
2041705
3929741
5560007
8466352
4110349
1495223
6368831
5578686
3028446
1550726
9199890
3197037
2195885
7625
7177
7676
127334
154025
53670
101655
113240
34050
137293
91133
38989
54546
94549
63224
12477
11259
9942
3030317
1755995
11372
10251
3749628
7389758
8727
481790
8681
1328948
1956064
530348
3755
30 round of counting
41490
42007
42421
16833
54551
27013
228661
401817
599869
837681
478485
176169
772605
507001
323767
173005
887455
329735
250719
38
32
714
18059
20067
7151
13801
13147
3351
15417
10093
3311
5965
7553
7161
1165
1560
1376
291149
235369
1614
1368
367525
689333
998
52175
974
171271
248583
62195
244
31 round of counting
67976
68803
69452
27546
91603
45415
401073
701122
1051372
1481535
833631
309248
1371108
883289
570904
300658
1603163
573459
437936
53
44
1127
29355
32371
13229
24852
24251
7293
26708
17061
7045
10726
14201
12156
1950
2476
2180
496104
414637
2561
2168
640687
1229638
1583
88507
1541
300544
429523
107861
378
32 round of counting
4603
4654
4678
1822
5806
2478
15070
32418
47118
69396
36942
10672
38254
44172
18302
13556
56194
23314
17222
0
0
120
2196
2266
660
1084
1062
310
1442
1104
366
604
634
826
168
280
240
30032
14968
288
240
31278
57436
180
5446
168
7852
20372
4714
48
33 round of counting
4603
4654
4678
1822
5806
2478
15070
32418
47118
69396
36942
10672
38254
44172
18302
13556
56194
23314
17222
0
0
120
2196
2266
660
1084
1062
310
1442
1104
366
604
634
826
168
280
240
30032
14968
288
240
31278
57436
180
5446
168
7852
20372
4714
48
34 round of counting
114069
115464
116551
46201
151960
74906
644804
1135357
1698359
2388612
1349058
496089
2181967
1434462
912973
487219
2546812
926508
705877
91
76
1961
49610
54704
21040
39737
38460
10954
43567
28258
10722
17295
22388
20143
3283
4316
3796
817285
664974
4463
3776
1039490
1976407
2761
146128
2683
479667
698478
174770
670
35 round of counting
0
0
0
0
0
0
0
0
0
0
0
0
0
0
0
0
0
0
0
0
0
0
0
0
0
0
0
0
0
0
0
0
0
0
0
0
0
0
0
0
0
0
0
0
0
0
0
0
0
0
36 round of counting
114069
115464
116551
46201
151960
74906
644804
1135357
1698359
2388612
1349058
496089
2181967
1434462
912973
487219
2546812
926508
705877
91
76
1961
49610
54704
21040
39737
38460
10954
43567
28258
10722
17295
22388
20143
3283
4316
3796
817285
664974
4463
3776
1039490
1976407
2761
146128
2683
479667
698478
174770
670
