0 round of counting
26363
15169
16585
86509
59152
12744
16127471
125392855
178976917
45876668
146246770
43062023
151755854
148244262
146305015
150176174
147274156
2355055
89199
161077772
155135809
154166518
157895782
156059895
17772167
13299307
55913524
25287218
30068820
15583231
139979998
51790568
48359731
14215863
43978972
20543593
127097869
46033967
34121896
11708638
62753912
13612431
16976873
11233460
28384287
10938822
136463754
39829770
84774
27908
1 round of counting
18889
17364
21915
103430
68485
17187
12885404
100640604
146392356
38082142
119100409
35736767
123230358
120840442
119232404
122639605
119895141
2115112
95944
131177616
126564194
125747361
128787792
127250597
14995243
11240328
46940685
21171022
25174419
12914444
115622471
43268990
40358643
11923564
36661122
17070142
105250912
38280878
29472002
9911442
52945065
11337130
14564822
9612532
24250144
9127983
111524049
32998056
73605
36384
2 round of counting
604
489
462
494
470
520
2436
9127
6551
2002
4504
2675
4045
4423
7538
4639
4391
851
559
4982
5461
4528
4359
5946
1706
1401
2331
1362
2468
1114
3864
1942
2975
1573
2553
1233
3171
1988
3285
1541
3857
1322
3780
1325
2750
1197
11724
3216
607
504
3 round of counting
649
522
444
502
470
426
4624
6948
10325
2273
4618
2125
4153
5400
4095
4933
4957
1087
546
4660
4187
4362
5391
4145
1848
3404
6172
3806
1854
1546
5407
2304
2876
3116
2210
1926
6789
2053
1935
1511
4799
4700
3265
1222
2214
965
5340
7600
635
465
4 round of counting
7
1
0
2
0
0
10
4
1
0
0
0
3
4
9
8
0
0
4
4
18
18
2
1
6
2
0
0
0
0
0
0
2
3
0
0
0
0
0
0
4
13
0
0
0
0
5
2
5
0
5 round of counting
375
620
615
684
716
654
198277
1149637
2055410
599267
1493976
561674
1582986
1538902
1496748
1563929
1515660
7779
960
1742203
1652217
1622238
1697783
1655972
202524
159635
651674
312247
384231
206075
1715605
695617
485254
164137
519212
258247
1593206
630776
386858
144539
723641
172132
190295
129223
344922
134213
1542729
515829
1388
654
6 round of counting
6128
5997
8033
39081
26579
6294
4813995
32872912
48990466
13185879
39132012
12430479
40887118
40051093
39345284
40538785
39615985
764508
37425
43637374
41930492
41759656
42911527
42256498
5164622
3918252
15858078
7296250
8650258
4655921
39253029
14862937
13537329
4161518
12450200
6008564
35749503
13226261
9896157
3529771
17776764
4078190
5031211
3368692
8293391
3282234
37353063
11292725
33084
13660
7 round of counting
27
6
0
1
2
1
20
9
2
0
1
1
1
1173
428
15
11
4
22
10
9
0
1
0
2
1
5
5
2
2
2
0
0
0
0
0
2
5
4
0
0
0
1
1
1
0
1
2
0
1
8 round of counting
194
178
200
265
221
228
197028
1145068
2049105
597889
1486954
560010
1577203
1535114
1490063
1556662
1509295
6955
403
1734477
1639608
1616073
1690265
1653191
198223
156159
646934
309157
380170
199628
1706839
694850
480492
162671
513407
255560
1585919
620765
385032
143582
712552
168118
187523
128151
339323
129718
1534495
511087
753
228
9 round of counting
195
188
213
270
235
237
196995
1145783
2050564
597205
1490653
559788
1576500
1533918
1486204
1554829
1509633
6933
382
1738292
1638093
1613976
1688477
1653715
199559
155634
646888
309030
380539
199029
1711234
694308
481770
162346
516468
258816
1585283
621069
385057
143479
714522
167826
187365
128303
339382
129760
1537134
511166
764
228
10 round of counting
0
1
0
0
1
0
19
0
0
0
0
0
0
0
0
0
0
0
0
0
0
0
0
0
0
0
0
0
1
0
1
0
0
0
0
0
1
0
1
1
0
0
1
1
0
0
0
1
0
0
11 round of counting
9303
7623
10108
46518
30681
7590
6271888
52396931
75989516
19263417
61906490
18066121
64168640
62793644
61810273
63578854
62263413
988064
43591
68066418
65636225
65416802
67153838
66033406
7589329
5661555
24005977
10697806
12749534
6431607
59695850
22002882
20625957
6004661
18669562
8557198
54168332
19391149
14957659
4957535
27044854
5638466
7376161
4839355
12351621
4554043
57453114
16683248
31075
15937
12 round of counting
8996
7730
10053
46592
31297
7902
6357365
52508338
76102697
19371864
62013829
18169666
64261792
62913166
61909446
63693888
62313454
986785
43164
68182707
65747318
65518196
67260731
66138914
7624116
5697070
24107614
10757767
12808391
6491382
59781532
22087311
20653828
6040960
18726731
8617014
54291301
19443317
15002713
5000538
27088375
5691867
7398904
4867411
12395231
4599041
57523740
16755312
30761
15786
13 round of counting
520
438
436
465
438
404
1117
3091
3996
1541
3477
1536
3462
3222
3432
3351
3283
740
465
3339
3366
3316
3647
3431
1123
884
1701
978
1037
681
3100
1619
1921
848
1495
752
2490
1531
1565
695
1874
682
971
811
1118
697
2761
1521
594
459
14 round of counting
14079
12765
17228
82934
55515
13090
11400352
84377851
123659466
32663921
100256078
30721425
103910782
101646741
100126512
102940691
100662452
1693388
79897
110436512
106444670
106049871
108962144
107159296
12659966
9562460
39584371
18078871
21358461
11254390
98244262
36786015
33577805
10144423
30921526
14719311
88854903
32645725
24716375
8614480
44395263
9890355
12264820
8168493
20562078
7963900
93283166
27956228
64045
27569
15 round of counting
14642
12981
17928
84817
55735
13353
11593860
84830818
124322648
32996999
100777368
31045467
104443233
102172170
100611601
103358582
101081653
1691423
80344
111071590
106990358
106585865
109517365
107744286
12774866
9661127
39873584
18273083
21571496
11424379
98218010
37033564
33806044
10267673
31179328
14898772
89833393
32961611
24925273
8741777
44715002
10033212
12383394
8268039
20750486
8085842
93865106
28227237
66402
28230
16 round of counting
730
635
608
677
618
603
52585
259426
502404
148612
342252
139522
355881
370682
339608
366620
351347
6326
752
447045
375667
381581
395517
388642
69368
53729
194725
92990
111470
58413
461231
186378
156825
55711
158112
75805
430930
160387
129042
47993
228450
51375
71599
48677
108763
42834
424484
133748
1313
638
17 round of counting
5301
5251
7485
36750
25056
5598
5125258
31975539
47656593
13394339
38345529
12656686
39820116
38825634
38265834
39321762
38482981
704309
37377
42362695
40790511
40625542
41795839
41137202
5070683
3897978
15539594
7371602
8603624
4825537
37976694
14756902
12964955
4142115
12229839
6157756
34600506
13207302
9735270
3657879
17318160
4253949
4890960
3334127
8200817
3412329
35808791
11274439
34461
12438
18 round of counting
5483
5303
7737
36704
25083
5764
5175315
32237168
48143281
13542158
38685276
12790626
40171255
39192342
38600768
39728288
38841864
710559
37516
42808050
41169946
41002892
42193874
41520394
5141853
3952135
15784219
7471034
8731722
4931894
38615471
15045015
13159815
4229111
12449143
6279644
35059909
13465074
9897555
3743501
17581950
4347187
4983028
3404309
8338387
3490700
36278751
11472067
35396
12649
19 round of counting
195
192
197
222
233
211
52021
256629
497041
146889
337592
137245
353703
368196
336536
365443
350451
5468
285
446464
374459
377306
393222
383973
68075
53018
192811
91956
110776
57079
455635
185385
161520
55293
159886
75494
430692
158664
127265
47210
226732
50610
70305
47301
107566
42196
422870
132137
741
179
20 round of counting
1
0
0
1
0
0
84
122
123
121
123
123
121
123
123
122
122
41
2
79
120
121
122
122
68
2
20
0
5
0
26
117
72
1
22
0
26
118
78
2
8
0
0
0
0
0
21
106
34
2
21 round of counting
0
0
0
0
0
0
0
93
115
102
115
95
133
138
137
174
126
68
20
85
150
139
114
168
82
23
0
0
0
0
0
96
79
8
0
0
0
91
87
33
0
0
0
0
0
0
0
124
67
10
22 round of counting
0
0
0
1
0
0
86
236
278
246
308
217
229
262
210
236
244
103
13
81
280
216
229
229
145
7
21
1
5
0
26
215
161
8
23
0
26
180
171
9
8
0
0
0
0
0
21
196
99
23
23 round of counting
8068
7220
6864
13283
10679
8346
433433
2487507
4198226
1344811
3265755
1277107
3398292
3370515
3253500
3342252
3264451
100115
13682
3638629
3476310
3492678
3632986
3508467
583469
445630
1642108
766258
889547
468800
3539068
1500435
1431331
461577
1260688
606634
3268579
1324577
1113851
401976
1827035
430534
595744
402303
913065
346774
3455343
1151047
14963
8837
24 round of counting
0
0
0
0
0
0
6
42
61
16
50
15
52
50
50
51
49
1
0
55
53
53
55
53
6
4
20
9
11
5
49
17
17
5
15
8
44
16
12
4
23
4
7
4
10
4
47
14
0
0
25 round of counting
1342
1472
2152
13591
9323
1711
4697415
34915944
53210346
14200126
42027423
13295082
43884904
42738447
42035548
43402555
42358786
501755
13845
46998191
45019054
44656854
45928131
45261207
4980288
3782389
16315525
7556999
9041713
4620560
42043483
16166315
13129916
4027585
12993510
6193489
38556089
14360873
9838454
3443064
18196819
4012283
4675450
3128217
8290606
3175897
39564563
12196801
10059
4024
26 round of counting
209
130
199
1025
610
115
54726
268857
528361
181301
395792
172094
409337
403886
387776
409796
390893
10890
916
451813
431318
437226
461468
436560
81864
64607
219736
108863
124527
68951
446136
199239
189877
65291
168457
88040
420002
175390
149050
58268
242289
62757
83285
57580
126316
50663
443305
156633
394
286
27 round of counting
2309
2554
3710
19494
13740
3101
5399323
37910650
57448684
15547265
45479025
14584378
47480407
46231869
45499425
46934187
45847676
588508
21395
50844614
48700726
48324479
49691171
48997252
5512773
4211799
17797459
8334526
9912184
5199036
45486998
17591304
14320465
4482671
14172638
6879448
41712528
15672196
10812161
3883024
19834795
4528850
5187448
3502621
9131246
3600458
42671934
13307078
22956
6407
28 round of counting
205
205
279
2565
1563
205
48337
803212
803212
116962
803212
109337
803212
803212
803212
803212
803212
37561
1793
803212
803212
803212
803212
803212
91967
60110
265893
88863
104497
43247
593062
144562
301820
63070
182841
58821
495887
122137
199498
40468
328147
40597
101095
58585
146488
40468
590651
109401
708
708
29 round of counting
2084
2146
3773
27529
17615
2655
1052972
8273682
9531166
2124741
8722718
2039170
8706665
8683059
8591058
8739736
8637613
531938
21134
9586144
9415869
9427147
9419237
9467376
1534161
1062052
3929404
1555480
1837004
962805
7240820
2303812
4912373
1161073
2961880
1183692
5833144
2073012
2502775
736711
4489922
828633
1592733
976561
1924459
719377
9820178
2196910
13125
8048
30 round of counting
0
0
0
0
0
0
0
0
0
0
0
0
0
0
0
0
0
0
0
0
0
0
0
0
0
0
0
0
0
0
0
0
0
0
0
0
0
0
0
0
0
0
0
0
0
0
0
0
0
0
31 round of counting
0
0
0
0
0
0
0
0
0
0
0
0
0
0
0
0
0
0
0
0
0
0
0
0
0
0
0
0
0
0
0
0
0
0
0
0
0
0
0
0
0
0
0
0
0
0
0
0
0
0
32 round of counting
0
0
0
0
0
0
0
0
0
0
0
0
0
0
0
0
0
0
0
0
0
0
0
0
0
0
0
0
0
0
0
0
0
0
0
0
0
0
0
0
0
0
0
0
0
0
0
0
0
0
33 round of counting
0
0
0
0
0
0
0
0
0
0
0
0
0
0
0
0
0
0
0
0
0
0
0
0
0
0
0
0
0
0
0
0
0
0
0
0
0
0
0
0
0
0
0
0
0
0
0
0
0
0
34 round of counting
0
0
0
0
0
0
0
0
0
0
0
0
0
0
0
0
0
0
0
0
0
0
0
0
0
0
0
0
0
0
0
0
0
0
0
0
0
0
0
0
0
0
0
0
0
0
0
0
0
0
35 round of counting
0
0
0
0
0
0
0
0
0
0
0
0
0
0
0
0
0
0
0
0
0
0
0
0
0
0
0
0
0
0
0
0
0
0
0
0
0
0
0
0
0
0
0
0
0
0
0
0
0
0
36 round of counting
0
0
0
0
0
0
0
0
0
0
0
0
0
0
0
0
0
0
0
0
0
0
0
0
0
0
0
0
0
0
0
0
0
0
0
0
0
0
0
0
0
0
0
0
0
0
0
0
0
0
