0 round of counting
38788
469264
7049
352508
198620082
458839951
461431061
229738359
12523111
830738
2539745
152291206
461091334
127960871
248369209
102018196
226608280
360565783
67821341
21396
48934
1 round of counting
27723
733440
13678
555068
144627106
338468705
340097835
167168039
8485124
491448
1966107
101828560
327999579
83765579
171777449
65506762
156267644
254362756
40336525
32911
62591
2 round of counting
882
14852
469
13509
401939
473577
456654
488340
63504
8000
12828
487719
544933
559631
491214
499057
470516
551763
437093
1013
1386
3 round of counting
969
15002
472
13721
400406
558175
568363
575127
73362
9241
13520
538812
600480
511974
546510
446089
449843
502847
470114
994
1467
4 round of counting
64
21
4
50
89
5
38
34
3
18
2
0
10
16
9
17
8
16
11
8
6
5 round of counting
1109
21394
668
19995
4391400
11139379
11206161
5110708
77396
9770
17158
2916971
11210311
2357895
5613379
1753976
5018502
8561960
785543
1379
1906
6 round of counting
7022
169443
3645
148388
33632338
63196490
63784816
38795876
2479501
281511
414209
30733226
64049412
27999419
41226052
24750882
38161879
53246155
21894563
9633
16694
7 round of counting
69
26
1
5
41
14
10
11
8
18
1
4
12
10
6
4
27
33
26
6
6
8 round of counting
247
6461
190
6134
3999997
10678175
10684360
4661154
18059
1311
4090
2516222
10664448
1901652
5062301
1245177
4535610
8025207
306140
400
536
9 round of counting
257
6512
180
6147
3984028
10681951
10671290
4661860
18196
1527
4675
2526909
10668902
1894375
5065159
1251233
4522904
8029899
302550
387
528
10 round of counting
2
0
0
0
7
19
4
0
0
2
0
1
2
0
2
3
0
2
1
0
0
11 round of counting
11958
291853
5865
241312
46075326
101669606
102254711
53880393
3190758
239716
664104
37131576
102376377
31887347
57125253
26067054
52401452
81222457
19402309
13787
26193
12 round of counting
12259
289755
5795
239318
46101466
101735022
102317652
53904495
3196988
241602
664610
37199899
102429203
31923584
57342145
26336504
52658269
81252152
19451971
13974
26109
13 round of counting
905
11739
443
11091
238315
239952
240301
229354
25019
3454
6672
232055
236713
228186
231381
229589
233622
234321
230024
845
1204
14 round of counting
17833
430988
8513
350916
82745576
167295025
169264244
96291055
6396459
564977
1198174
71793111
169435839
63980123
102023573
54716709
94058522
137723651
45211975
21975
42195
15 round of counting
18447
452055
9170
374130
83108518
167818790
169804568
96721409
6441318
571697
1211577
72196102
169992132
64220435
101961374
54988473
94438276
137919397
45210463
22804
43045
16 round of counting
1306
18137
655
17180
382874
555638
522968
395309
38542
5389
9765
350892
556048
348518
424909
328329
400837
474129
316827
1260
1719
17 round of counting
6269
155583
3033
126592
36865978
66325031
67250290
42685765
3244605
330482
538787
34905053
67305999
32195530
44829851
28842598
41897798
56779395
26066655
8426
16414
18 round of counting
6511
163568
3181
134552
37009492
66401608
67550937
42870310
3258781
330945
544831
35036728
67633394
32319268
45035292
28924953
42069832
57059925
26153112
8897
16996
19 round of counting
235
6011
167
5866
155334
287217
292386
180180
15612
1416
3114
118604
303392
113807
175941
103868
173363
249785
82104
388
485
20 round of counting
11
0
0
0
77
0
3
0
0
0
0
0
0
0
0
0
0
0
0
0
0
21 round of counting
45
81
39
10
37
25
27
27
13
7
10
43
36
19
24
34
33
25
32
6
8
22 round of counting
50
5
0
77
177
41
46
45
17
14
9
58
21
2
2
1
0
0
0
0
0
23 round of counting
14271
251686
6846
243278
10772098
26397209
26768094
12595806
641233
31609
219169
8040863
29882096
6222813
14879018
4489291
13350426
22949189
2058271
14682
20677
24 round of counting
0
1
0
0
62
139
141
72
4
1
0
44
135
35
74
28
65
106
17
0
0
25 round of counting
1839
53379
916
48664
14650403
29181015
29649645
17098350
1207180
114041
209028
13370879
29644548
12051726
18396629
10482824
17047881
24350400
8924241
2769
5526
26 round of counting
235
3958
98
3184
23284
20640
12581
39047
3212
181
2585
20225
26314
9267
11692
8910
11677
36094
29891
176
319
27 round of counting
3204
98678
1599
81433
19264406
34414097
35121683
22297428
1764771
185131
297346
18814745
35125852
17466599
23825870
15749484
22329114
29822902
14362047
4767
9891
28 round of counting
1233
112287
517
49396
125730835
338903260
338743224
146215869
5471342
51457
1395383
78567807
338367802
58354259
159659177
37949243
142775024
253762333
7461746
2010
7745
29 round of counting
2024
173455
1230
33653
55923922
135110899
134361294
63928031
2588892
104583
705005
32962362
121177801
26663050
60601864
19877778
55115992
92816965
9010117
4045
13858
30 round of counting
225
21228
90
8658
46983204
126908658
126848654
54663728
2032384
16965
510520
29300274
126707948
21721480
59704072
14070958
53373640
94986480
2640178
352
1728
31 round of counting
312
29736
91
8758
78264806
211472987
211372981
91065592
3383076
27760
849905
48793473
211138488
36162220
99466108
23411437
88915460
158269720
4360267
356
2799
32 round of counting
46
4405
2
200
15650074
42290200
42270200
18210086
676032
5502
169189
9756142
42223304
7230034
19890094
4680022
17780084
31650150
870004
8
438
33 round of counting
46
4405
2
200
15650074
42290200
42270200
18210086
676032
5502
169189
9756142
42223304
7230034
19890094
4680022
17780084
31650150
870004
8
438
34 round of counting
583
55369
183
17616
140898084
380671845
380491835
163939406
6091492
50227
1529614
87849889
380069740
65113734
179060274
42162417
160069184
284906350
7870449
716
4965
35 round of counting
0
0
0
0
0
0
0
0
0
0
0
0
0
0
0
0
0
0
0
0
0
36 round of counting
583
55369
183
17616
140898084
380671845
380491835
163939406
6091492
50227
1529614
87849889
380069740
65113734
179060274
42162417
160069184
284906350
7870449
716
4965
