0 round of counting
8792359
8766853
17521014
8760543
8762062
17553284
17567281
8956785
179629196
301829178
8783109
90657954
91772604
8793844
8794431
8799817
8799029
107280893
107289497
89984839
89995771
710172670
26279491
1 round of counting
35146784
35301396
70479685
35132333
35124772
70518949
70345133
35261023
262020435
363989214
35304979
110908035
107943090
35144764
35307947
35294954
35187842
126117746
126061203
102978615
103032285
698116475
105366458
2 round of counting
435
304
366
194
271
1510
1718
4839
367221
65842
1226
228368
242766
1906
1650
1754
1736
208045
202098
201214
206377
105446
632
3 round of counting
1009
928
1341
749
841
2564
2801
5620
375143
69841
1924
180853
240036
2899
2663
2382
2385
188340
199276
160951
148477
84530
2050
4 round of counting
562
600
1013
548
575
1090
1082
688
4236
4771
654
2255
1960
886
663
811
893
1332
1683
2224
2286
5346
1468
5 round of counting
597
482
2033
341
452
2403
2724
7369
819256
2881481
1981
472241
468240
2856
2965
2931
3340
388884
388936
389520
377813
16734772
8902
6 round of counting
7584371
7570088
15173107
7562389
7588135
15199229
15188424
7668704
71407613
92851607
7562853
30102019
29260212
6579104
6620548
6613039
6615256
32098054
32110676
28543055
28567456
220849607
19799835
7 round of counting
1162621
1167645
2322179
1153841
1163752
2310906
2319072
1160834
4726866
3604948
1151265
1201263
1202249
1154898
1162509
1158634
1159010
1193244
1188024
1187106
1184457
3733957
3481057
8 round of counting
93039
86986
184447
89568
94656
192743
192173
95817
980208
3418294
99588
473792
470270
105072
106184
98776
105021
402061
395968
388846
399315
17741681
297083
9 round of counting
1251136
1251138
2502129
1251093
1251124
2502771
2504586
1253968
5705481
7045511
1251675
1653409
1654340
1251930
1251841
1251913
1251910
1581880
1581338
1587575
1586632
21451020
3753249
10 round of counting
1161689
1167098
2297812
1158373
1154510
2305436
2307967
1152476
4695873
3571563
1142959
1192896
1188266
151691
147817
159766
146246
170990
168252
183604
1091075
3703169
3476728
11 round of counting
1261481
1259715
2515487
1258544
1260045
2536028
2541999
1354664
42914467
74255234
1274846
23312298
23611257
1286560
1281857
1284663
1283520
25834044
25873773
22031165
22042394
169803539
3774406
12 round of counting
1260951
1260100
2515612
1258826
1259866
2534350
2541567
1350666
42370400
74078097
1275012
23310252
23626623
1287133
1282521
1284104
1284116
25843270
25890099
22029630
21999688
169778925
3778588
13 round of counting
986
851
1119
676
755
2225
2378
4601
322005
32145
1521
203481
207340
2401
1966
1981
1896
162588
160476
165079
162311
43910
1660
14 round of counting
6209575
6215622
12498927
6207260
6209010
12451491
12457258
6372461
108435643
165247026
6224495
53265048
53898308
6238087
6233427
6238818
6237874
59345491
59411675
51719672
51804863
382958759
18587573
15 round of counting
6269288
6267589
12529084
6265962
6267795
12561772
12575375
6429514
108415025
168198700
6293823
53802646
54472768
6311631
6306946
6315821
6308718
59787543
59650173
52196104
52148849
399927516
18796725
16 round of counting
69144
68752
137216
68146
69361
139008
139275
74971
1018519
3119773
70242
526847
535998
72013
69828
70816
69573
432966
440070
441043
441834
17013151
205257
17 round of counting
4938784
4939631
9876424
4939962
4940122
9889730
9896951
5006868
65190573
90972550
4949638
30075316
30476937
4954649
4955001
4956991
4957258
33611969
33623494
29863741
29858841
213180368
14817318
18 round of counting
5007800
5007701
10013629
5007221
5007986
10027002
10033797
5077666
65877418
94044782
5018532
30431908
30815780
5024480
5023715
5025929
5025046
33881709
33907070
30133614
30143308
231009665
15021938
19 round of counting
68984
68765
136317
68634
68368
137373
136646
70937
686518
3091623
69172
320920
328059
69633
67953
68044
68962
269871
274463
275194
276853
16977347
206466
20 round of counting
403
100
119
57
61
126
133
216
33588
51066
71
18562
18817
683
95
116
137
13475
14086
12202
14974
56532
137
21 round of counting
9
0
1
0
0
0
0
27
7453
50
0
3345
2630
38
3
8
1
3058
4131
3066
2954
50
4
22 round of counting
383
96
119
73
73
142
178
286
40248
51491
88
23546
21188
720
109
94
101
14684
13771
16843
18692
56498
147
23 round of counting
76234
86932
135176
85016
84511
183087
165413
158851
6854796
2358552
100056
3988153
4071687
135868
108032
111807
104777
3139547
3258209
3307156
3235371
2981472
205125
24 round of counting
15
15
30
15
15
30
30
15
111
150
15
44
45
15
15
15
16
50
54
43
45
288
45
25 round of counting
1251426
1251512
2502629
1251459
1251714
2506507
2508918
1276912
20226557
36414992
1254861
10343142
10457429
1256346
1256502
1257235
1257048
11829263
11833252
9893120
9896907
77058876
3754218
26 round of counting
224
187
235
115
128
678
765
1631
136890
101574
478
86517
88120
767
591
619
594
66810
67029
67045
67139
76713
361
27 round of counting
1251893
1252020
2503426
1251991
1252421
2509829
2513813
1296681
42542214
69679590
1257475
22568150
22873647
1259934
1260113
1261532
1261337
26003374
26007656
22182342
22185789
157700675
3755656
28 round of counting
5002548
5002548
10005101
5002557
5002564
10005230
10005343
5003399
20862026
17085857
5002644
5485482
5497028
5002692
5002692
5002692
5002692
5421707
5420509
5423391
5425285
18314057
15007670
29 round of counting
29910268
30192536
60140461
30165401
30166008
60330908
60459981
30139315
177768284
242324192
28634794
63520785
65063958
29677032
30042418
30116602
30143335
81496370
81420585
63388912
63219059
436484961
90563131
30 round of counting
0
0
0
0
0
0
0
0
0
0
0
0
0
0
0
0
0
0
0
0
0
0
0
31 round of counting
0
0
0
0
0
0
0
0
0
0
0
0
0
0
0
0
0
0
0
0
0
0
0
32 round of counting
0
0
0
0
0
0
0
0
0
0
0
0
0
0
0
0
0
0
0
0
0
0
0
33 round of counting
0
0
0
0
0
0
0
0
0
0
0
0
0
0
0
0
0
0
0
0
0
0
0
34 round of counting
0
0
0
0
0
0
0
0
0
0
0
0
0
0
0
0
0
0
0
0
0
0
0
35 round of counting
0
0
0
0
0
0
0
0
0
0
0
0
0
0
0
0
0
0
0
0
0
0
0
36 round of counting
0
0
0
0
0
0
0
0
0
0
0
0
0
0
0
0
0
0
0
0
0
0
0
