0 round of counting
55078
20014
14555
148727
466715241
576941120
1840536909
2390048
27773181
8867332903
9245663851
827351660
5272985371
5323775920
5285979171
129029
857290
106551
53950
1 round of counting
58158
28543
25254
142185
412314697
382092099
1647228385
2004602
24342454
7547704862
7605269856
565456160
5200998216
5347096748
5113873304
134667
791180
93918
61235
2 round of counting
764
583
576
675
31527
4012
89985
795
4060
263332
290734
6071
171144
185274
181688
767
778
588
550
3 round of counting
763
586
571
657
28079
4133
113091
921
3933
278698
262215
5825
101475
114932
102493
754
711
578
565
4 round of counting
4
4
0
1
16
3
11
8
13
9
15
3
1
7
9
3
2
0
1
5 round of counting
1860
1692
1579
1970
1283849
979088
4403081
12582
95180
50917592
51555484
2032863
35859690
39708255
37400331
2225
4181
1847
1775
6 round of counting
16215
9228
9002
66372
189403106
208174379
547563132
944571
10733530
2852135710
2904742667
324330161
2281350747
2344231520
2293736565
57554
353399
44933
26138
7 round of counting
16
4
0
1
4
12
2
0
0
23
10
4
10
7
5
3
1
1
0
8 round of counting
962
1072
1082
1302
1306118
1017200
4258174
10316
90991
50891428
51364612
2062227
36094512
39574340
37269926
1470
3442
1254
1216
9 round of counting
1122
1086
1086
1294
1294679
961823
4321439
6747
90068
50669249
51405776
2062254
36087841
39902472
37325948
1490
3628
1221
1213
10 round of counting
8
0
0
0
0
0
1
1
0
12
6
0
0
0
3
0
0
0
0
11 round of counting
18689
8416
7754
77167
231878692
211993662
931110348
1024248
14038157
4074983087
4088577171
323016714
2900246160
2990874620
2859758372
62991
433830
44263
28295
12 round of counting
18941
8508
7779
76776
232713953
212515986
931041186
1024278
14007754
4084083910
4082236684
322880981
2900000611
2990936118
2867588635
64145
432309
44142
28369
13 round of counting
650
555
524
550
26453
3527
57963
668
2941
150660
157014
4848
50646
56337
59818
633
628
527
521
14 round of counting
34210
15351
14529
159087
467722470
467193788
1665443367
2167008
27676421
7745096293
7781235088
723777635
5730047266
5882533693
5689992829
127328
873097
95377
55388
15 round of counting
36022
16637
15558
158569
466849242
471909339
1668182652
2161878
27708619
7775922196
7809976135
724724267
5762245759
5911681912
5710700795
127971
872814
97278
57112
16 round of counting
1522
1344
1223
1469
1231074
995045
3560936
6708
81419
30200214
32249941
1949710
34285226
37570881
35013931
1772
3165
1457
1440
17 round of counting
15811
7110
7228
81903
233800391
254881020
737269701
1130771
13568245
3676884095
3689504943
386182529
2816248067
2882761963
2818785576
64160
432723
51103
27783
18 round of counting
16436
7891
8076
83072
236044290
256006457
739943950
1138157
13656904
3698514814
3725960248
389506066
2850052815
2920594311
2851231154
65720
438266
52209
28910
19 round of counting
831
779
790
951
1214860
942879
3470044
8433
79698
30175392
32370376
1943143
34340704
37493164
34919503
1056
2760
909
878
20 round of counting
20
0
0
0
5
1
0
1
0
8
5
3
4
47
11
2
0
0
0
21 round of counting
4
7
9
1
12
93
0
0
0
9
0
0
0
1045
0
0
0
0
0
22 round of counting
1
1
0
0
1
0
4
1
1
11
3
1
0
4
1
1
0
0
0
23 round of counting
12371
9153
7294
19658
35963706
13873372
135175629
146988
1954783
551829506
515772810
15130045
468109759
485169870
443967061
19027
75199
12773
11652
24 round of counting
0
0
0
0
172
160
693
1
10
3172
3191
242
2182
2229
2145
0
0
0
0
25 round of counting
3602
1983
2010
17899
55757109
89984065
314863206
298161
4145804
1191753770
1289811501
152053144
603963903
608117964
612008986
16114
102591
12995
6721
26 round of counting
482
143
126
1836
5247707
1661688
24892382
20756
299677
98946713
92614114
1326831
65180110
67863804
62172684
1408
10124
739
631
27 round of counting
5887
2754
2800
33233
102157036
135383791
433678287
535881
6206698
1871230595
1978554100
193817141
1081330217
1088372362
1087825328
28793
186832
23687
11753
28 round of counting
3812
3788
3796
5140
6188528
6326224
6325880
94865
305590
6326362
6325739
6326217
6325658
6326149
6326029
7604
19620
5692
4460
29 round of counting
9961
8652
8870
16416
65690230
54242818
99230210
453049
2813081
1263189177
1289092251
54514670
1081010299
1098953043
1065084422
25634
131144
20617
13317
30 round of counting
0
0
0
0
0
0
0
0
0
0
0
0
0
0
0
0
0
0
0
31 round of counting
0
0
0
0
0
0
0
0
0
0
0
0
0
0
0
0
0
0
0
32 round of counting
0
0
0
0
0
0
0
0
0
0
0
0
0
0
0
0
0
0
0
33 round of counting
0
0
0
0
0
0
0
0
0
0
0
0
0
0
0
0
0
0
0
34 round of counting
0
0
0
0
0
0
0
0
0
0
0
0
0
0
0
0
0
0
0
35 round of counting
0
0
0
0
0
0
0
0
0
0
0
0
0
0
0
0
0
0
0
36 round of counting
0
0
0
0
0
0
0
0
0
0
0
0
0
0
0
0
0
0
0
