0 round of counting
15166
7809
3539
3505
3558
4080
3847
4425
4279
4878
4390
4631
4390
4897
4428
4897
4428
4897
4428
4878
4428
4878
4428
4276
4279
4279
4298
4226
4330
4330
4308
4454
4416
4327
4260
4260
4308
4308
4289
4241
4241
4222
4222
4492
4543
4153
3844
3863
3882
3882
4609
4628
4558
4628
4423
5086
4457
4728
4438
4762
4194
4375
4285
4120
4305
4285
4213
4099
4340
4229
4267
4194
4286
4321
4359
4137
4248
4171
4321
4158
4270
4378
4285
4194
4285
4283
4340
4213
4266
4247
4194
4321
4301
4301
4282
4247
4285
4285
4285
4118
1 round of counting
9828
9438
7144
7738
6876
8137
7082
8588
9019
10011
9383
9154
9264
10167
9414
10345
9439
10245
9560
10110
9369
10165
9389
9006
7560
7536
7711
8116
7527
7299
8760
8343
8104
8077
7328
7147
7865
8033
7901
7124
7052
7010
7052
9032
8208
7804
6794
6903
6927
7045
8865
8990
9566
9031
8400
7906
7090
7951
7195
7349
8104
7863
7692
7444
7786
7586
8070
7912
7717
7922
7642
8113
7773
7653
7720
7801
8010
7149
7515
7412
8204
7843
7482
8467
7805
7961
7775
8104
7482
7333
7941
7560
7329
7474
7415
7292
7420
7516
7416
7800
2 round of counting
394
309
253
228
237
255
276
236
230
249
217
245
229
242
222
241
221
240
222
246
219
248
222
234
235
244
231
216
244
234
230
243
225
235
255
272
232
238
238
239
238
246
234
228
246
229
247
230
229
226
252
232
226
250
232
249
238
223
243
241
231
236
238
246
256
242
235
226
236
229
244
218
236
238
234
227
224
244
234
232
221
240
232
230
245
221
236
214
253
231
218
244
246
259
237
239
241
237
235
234
3 round of counting
391
323
255
223
241
228
237
236
217
247
216
252
217
243
220
258
254
242
226
254
233
249
235
239
258
238
239
226
251
232
245
253
249
235
241
242
232
232
233
243
241
236
235
234
323
246
236
233
235
243
243
241
229
240
230
244
246
228
243
242
237
251
239
234
248
244
233
231
245
228
241
243
284
239
240
239
234
246
242
232
235
245
236
222
237
244
244
226
244
236
233
249
240
247
233
238
243
238
239
233
4 round of counting
2
1
0
0
0
0
0
0
0
0
0
0
0
0
0
0
0
0
0
0
0
0
0
0
0
0
0
0
0
0
0
0
0
0
0
0
0
0
0
0
0
0
0
0
0
0
0
0
0
0
0
0
0
0
0
0
0
0
0
0
0
0
0
0
0
0
0
0
0
0
0
0
0
0
0
0
0
0
0
0
0
0
0
0
0
0
0
0
0
0
0
0
0
0
0
0
0
0
0
0
5 round of counting
560
463
391
392
372
351
372
376
337
383
343
367
345
371
343
358
354
368
341
365
347
372
340
353
374
408
371
346
370
362
364
385
376
365
365
363
362
357
370
369
368
369
366
353
374
368
374
370
418
369
373
355
364
364
346
375
360
354
379
360
347
364
361
362
374
362
349
345
381
346
398
381
387
369
366
356
353
378
371
366
352
364
358
360
367
348
366
344
377
362
352
370
366
376
402
358
368
358
358
351
6 round of counting
2626
2323
2080
2088
2032
2290
2126
2200
2200
2196
2200
2178
2215
2208
2213
2272
2244
2204
2204
2218
2216
2177
2189
2221
2288
2250
2243
2271
2388
2297
2262
2247
2234
2172
2280
2243
2201
2197
2183
2229
2265
2248
2241
2410
2382
2316
2147
2129
2128
2121
2224
2167
2204
2216
2376
2563
2324
2473
2381
2448
2263
2281
2228
2188
2256
2222
2251
2260
2236
2273
2231
2300
2263
2254
2241
2233
2270
2218
2207
2210
2242
2219
2224
2253
2206
2332
2190
2223
2222
2206
2246
2231
2236
2269
2249
2232
2205
2205
2221
2265
7 round of counting
0
0
0
0
0
0
0
0
0
0
0
0
0
0
0
0
0
0
0
0
0
0
0
0
0
0
0
0
0
0
0
0
0
0
0
0
0
0
0
0
0
0
0
0
0
0
0
0
0
0
0
0
0
0
0
0
0
0
0
0
0
0
0
0
0
0
0
0
0
0
0
0
0
0
0
0
0
0
0
0
0
0
0
0
0
0
0
0
0
0
0
0
0
0
0
0
0
0
0
0
8 round of counting
160
136
132
122
135
127
137
132
126
131
122
133
124
131
121
131
128
133
125
133
121
131
127
128
124
135
131
126
133
126
126
137
135
134
133
132
133
136
131
133
135
134
133
127
133
128
133
133
130
129
132
133
124
130
122
130
132
127
132
134
125
133
133
133
133
126
125
123
130
137
130
121
134
135
133
125
127
135
134
136
126
135
133
127
135
127
134
128
134
135
125
136
132
141
135
133
134
133
134
125
9 round of counting
155
144
126
122
128
124
129
123
124
130
126
127
128
133
138
124
125
129
125
126
127
129
125
126
129
123
125
125
130
123
127
123
122
121
127
124
123
123
123
122
124
126
131
125
123
125
127
122
122
124
122
124
126
124
125
133
123
125
127
127
126
127
121
120
124
127
124
124
124
127
131
136
123
122
126
125
123
129
122
121
128
126
121
124
127
125
130
127
131
126
127
128
127
126
124
125
127
121
154
130
10 round of counting
0
0
0
0
0
0
0
0
0
0
0
0
0
0
0
0
0
0
0
0
0
0
0
0
0
0
0
0
0
0
0
0
0
0
0
0
0
0
0
0
0
0
0
0
0
0
0
0
0
0
0
0
0
0
0
0
0
0
0
0
0
0
0
0
0
0
0
0
0
0
0
0
0
0
0
0
0
0
0
0
0
0
0
0
0
0
0
0
0
0
0
0
0
0
0
0
0
0
0
0
11 round of counting
4140
3847
3067
2868
2843
3146
3014
3195
3066
3134
3038
3154
3057
3161
3035
3202
3048
3210
3110
3209
3051
3208
3125
3106
3118
3037
3035
3121
3249
3189
3071
3191
3078
3026
3072
3072
2994
3023
3030
2994
3007
3163
3140
3234
3208
3076
3122
2888
2932
2953
3124
3096
3165
3111
3213
3366
3047
3517
3255
3235
3053
3135
3060
2997
3103
3136
3098
3266
3171
3100
3039
3038
3094
3074
3139
3070
3132
3160
3152
3081
3066
3109
3150
2993
3135
3237
3309
3091
3156
3114
3085
3122
3056
3132
3080
3050
3023
3052
3048
3011
12 round of counting
4099
3706
2994
2814
2839
2936
2974
3202
3350
3103
3004
3049
3040
3116
3104
3107
3057
3172
3068
3120
3064
3106
2999
3160
3119
3055
2950
3004
3140
3035
3007
3091
2975
2999
3068
3196
3184
3025
3023
3007
2994
3009
3036
3198
3156
3008
2919
2993
2856
2912
3003
3095
3062
3074
3101
3295
3040
3147
3055
3148
3004
3082
3022
3010
3129
3280
3036
3073
3029
3021
3051
3028
3008
3032
3014
2991
3036
3056
3005
3041
2975
3102
2999
3030
3059
3045
3018
3004
3045
3050
3037
3045
3072
3154
3022
2975
2976
2985
2998
3013
13 round of counting
358
337
285
269
267
259
265
255
257
259
253
270
255
254
253
406
544
307
272
243
235
240
235
240
241
239
240
252
247
238
247
241
226
238
230
227
242
233
234
258
290
243
239
245
246
232
241
256
234
234
254
245
225
240
239
240
236
237
238
237
243
233
230
234
237
241
239
313
239
234
251
234
242
225
241
234
249
239
246
248
248
238
232
243
244
237
247
238
250
243
244
235
232
239
238
291
259
234
236
253
14 round of counting
5929
5200
4563
4410
4418
4831
4720
4881
4596
5064
5295
4798
4655
4810
4703
4815
4810
4795
4625
4796
4617
4764
4672
4701
4926
4779
4714
5085
5471
4939
4805
4889
4699
4635
4916
4798
4707
4632
4721
4921
4804
4718
4784
5037
4813
4944
5074
4871
4536
4577
4830
4837
4664
4802
4976
5508
5043
5204
5050
5290
4913
5153
4805
4750
5134
5098
4708
4855
4716
4711
4820
4641
4791
4802
4796
4629
4698
4666
4744
4718
4664
4734
4793
5214
4752
4742
4735
4639
4731
4741
4672
4764
4773
4803
4755
4701
4668
4778
4674
4596
15 round of counting
6781
5663
4792
4508
4671
5101
4780
5059
4961
5127
4854
4951
4811
5058
4824
4969
4832
4963
4915
5123
5117
5028
4966
4898
5014
4988
4992
5039
5081
5012
4979
5022
5004
4916
5067
4985
4982
4946
4940
5002
4978
4990
5034
5507
5230
4986
4705
4745
4719
4682
4965
4986
4969
5033
5213
5595
5126
5427
5108
5402
4964
5083
4936
4943
5051
4927
5400
4937
4931
4948
4897
4875
4941
4932
4915
4852
4943
4905
4992
4951
4878
4956
4935
4916
4961
4986
4958
4917
4948
4972
5136
4988
5035
5024
4966
4886
4925
4874
4899
4882
16 round of counting
508
463
387
365
367
363
365
380
390
362
352
367
357
363
354
360
363
355
362
367
364
367
353
353
364
370
361
362
360
368
374
412
361
356
357
364
356
356
361
362
364
355
360
370
365
354
366
351
359
355
354
356
350
366
370
376
371
363
370
356
364
367
362
358
356
354
358
352
359
368
357
350
356
356
361
349
354
500
623
442
420
369
377
360
366
359
372
372
379
359
362
367
359
360
355
357
359
361
369
407
17 round of counting
2090
1891
1736
1742
1703
1939
1836
1928
1870
1973
1925
1971
1875
1924
1882
1919
1874
1971
1930
1906
1914
1958
1904
1917
2004
2002
1996
1965
2072
2056
1927
2020
1955
1952
2032
2013
1917
1976
1916
1991
2075
2005
1992
2048
2055
1961
1829
1840
1837
1829
1981
1916
1896
1938
2095
2354
2072
2211
2087
2236
1961
2034
1935
1953
2012
1969
1928
1955
1977
1935
1989
1896
1975
1943
2012
1907
1964
1964
1943
1930
1896
1963
1950
1910
1956
1959
1964
1930
2059
1946
1921
1942
1971
1975
1959
1929
1941
1921
1939
1904
18 round of counting
2186
1979
1806
1854
1812
2064
1942
2044
2070
2024
1999
1997
1999
1996
1995
1990
2001
1992
2000
1989
2003
1985
1986
2001
2103
2093
2054
2076
2167
2159
2058
2062
2041
2002
2086
2114
2045
1988
1976
2087
2065
2078
2089
2188
2142
2126
1960
1966
1924
1916
2018
2013
2018
2018
2230
2532
2210
2353
2193
2316
2138
2151
2031
2017
2094
2097
2050
2112
2044
2084
2039
2037
2054
2034
2040
2037
2095
2043
2034
2047
2033
2044
2034
2044
2036
2093
2052
2037
2033
2038
2041
2088
2040
2065
2059
2003
2026
2018
2017
2037
19 round of counting
146
124
110
108
111
114
107
107
112
110
109
107
112
104
110
114
112
106
110
109
112
108
111
112
113
107
103
109
112
107
113
106
105
111
105
102
106
106
107
108
103
109
107
119
112
113
107
106
109
107
106
103
112
108
106
108
107
113
107
106
115
110
107
107
105
107
112
112
111
112
105
114
113
110
105
110
110
112
103
105
113
109
103
111
110
111
105
112
110
108
115
105
112
108
105
108
107
106
107
113
20 round of counting
1
0
0
0
0
0
0
0
0
0
0
0
0
0
0
0
0
0
0
0
0
0
0
0
0
0
0
0
0
0
0
0
0
0
0
0
0
0
0
0
0
0
0
0
0
0
0
0
0
0
0
0
0
0
1
0
0
0
0
0
0
0
0
0
0
0
0
0
0
0
0
0
0
0
0
0
0
0
0
0
0
0
0
0
0
0
0
0
0
0
0
0
0
0
0
0
0
0
0
0
21 round of counting
2
0
0
0
0
0
0
0
0
0
0
0
0
0
0
0
0
0
0
0
0
0
0
0
0
0
0
0
0
0
0
0
0
0
0
0
0
0
0
0
0
0
0
0
0
0
0
0
0
0
0
0
0
0
0
0
0
0
0
0
0
0
0
0
0
0
0
0
0
0
0
0
0
0
0
0
0
0
0
0
0
0
0
0
0
0
0
0
0
0
0
0
0
0
0
0
0
0
0
0
22 round of counting
3
0
0
0
0
0
0
0
0
0
0
0
0
0
0
0
0
0
0
0
0
0
0
0
0
0
0
0
0
0
0
0
0
0
0
0
0
0
0
0
0
0
0
0
0
0
0
0
0
0
0
0
0
0
0
0
0
0
0
0
0
0
0
0
0
0
0
0
0
0
0
0
0
0
0
0
0
0
0
0
0
0
0
0
0
0
0
0
0
0
0
0
0
0
0
0
0
0
0
0
23 round of counting
5082
5180
3528
3999
3143
4019
3225
3102
3922
3271
3885
3197
3888
3255
3952
3190
3879
3157
3873
3247
3882
3226
3917
4031
3243
3104
3200
3936
3188
3130
3899
3217
3144
3119
3139
3165
3151
3089
3135
3095
3096
3091
3154
3933
3261
3946
3221
3104
3080
3002
3203
3531
3864
3095
3886
3283
3159
3987
3130
3221
3983
3190
3267
3193
2913
3066
3783
3905
3116
3966
3281
3945
3208
3122
3094
3964
3995
3260
3106
3197
4259
3368
3200
4003
3253
3947
3232
3926
3200
3231
3860
3224
3151
3193
3150
3152
3098
3300
3217
3964
24 round of counting
0
0
0
0
0
0
0
0
0
0
0
0
0
0
0
0
0
0
0
0
0
0
0
0
0
0
0
0
0
0
0
0
0
0
0
0
0
0
0
0
0
0
0
0
0
0
0
0
0
0
0
0
0
0
0
0
0
0
0
0
0
0
0
0
0
0
0
0
0
0
0
0
0
0
0
0
0
0
0
0
0
0
0
0
0
0
0
0
0
0
0
0
0
0
0
0
0
0
0
0
25 round of counting
487
492
495
493
496
558
527
568
559
595
568
582
568
596
570
596
570
596
570
595
570
595
570
562
575
575
576
572
582
582
570
579
577
566
574
574
565
565
564
573
573
570
570
586
590
565
528
531
532
532
584
585
580
585
595
666
597
630
594
630
564
578
569
554
568
569
565
559
573
569
566
564
567
572
574
561
570
563
572
556
568
575
569
564
569
575
573
565
568
567
564
572
573
573
572
567
569
569
569
560
26 round of counting
66
62
42
46
35
41
36
37
39
37
40
36
37
35
37
36
40
37
39
36
42
41
41
39
38
37
36
40
37
36
42
39
34
38
37
36
38
37
36
36
35
37
35
47
42
43
39
34
35
35
39
39
39
37
46
41
38
43
37
37
42
39
37
39
43
37
43
39
38
42
39
41
38
37
38
40
40
39
37
37
42
38
36
39
38
41
38
41
37
33
40
37
36
37
36
37
36
36
35
40
27 round of counting
848
823
824
824
826
987
903
993
980
1050
1002
1025
1002
1053
1006
1053
1006
1053
1006
1051
1006
1051
1006
990
1023
1024
1026
1022
1047
1047
1012
1025
1021
993
1021
1022
991
990
988
1019
1020
1017
1017
1050
1053
1005
912
914
916
916
1031
1034
1029
1034
1080
1257
1080
1168
1077
1167
1000
1026
1006
970
999
1005
1002
990
1012
1013
996
999
997
1010
1015
994
1014
994
1010
974
1007
1017
1006
1000
1006
1028
1013
1002
1004
1002
1000
1011
1017
1017
1015
1002
1006
1006
1006
992
28 round of counting
0
5
0
5
0
5
0
0
5
0
5
0
5
0
5
0
5
0
5
0
5
0
5
5
0
0
0
5
0
0
5
0
0
0
0
0
0
0
0
0
0
0
0
5
0
5
0
0
0
0
0
0
5
0
5
0
0
5
0
0
5
0
0
0
0
0
5
5
0
5
0
5
0
0
0
5
5
0
0
0
5
0
0
5
0
5
0
5
0
0
5
0
0
0
0
0
0
0
0
5
29 round of counting
614
669
768
792
732
798
912
1816
1589
2662
1861
2245
1856
2844
1923
2901
1951
2903
1969
2838
1949
2883
1952
1628
947
998
1057
1011
931
861
1358
1668
1577
1604
958
994
1503
1523
1488
938
949
886
904
1646
1650
909
795
889
911
944
2088
2159
2141
2150
879
868
897
942
924
807
1110
1277
1279
1064
1338
1204
1188
908
1339
1037
1312
1167
1325
1253
1390
1022
1154
917
1386
1219
1206
1450
1185
1161
1259
1059
1351
1189
1123
1122
1158
1288
1139
1171
1128
1160
1210
1267
1236
934
30 round of counting
0
0
0
0
0
0
0
0
0
0
0
0
0
0
0
0
0
0
0
0
0
0
0
0
0
0
0
0
0
0
0
0
0
0
0
0
0
0
0
0
0
0
0
0
0
0
0
0
0
0
0
0
0
0
0
0
0
0
0
0
0
0
0
0
0
0
0
0
0
0
0
0
0
0
0
0
0
0
0
0
0
0
0
0
0
0
0
0
0
0
0
0
0
0
0
0
0
0
0
0
31 round of counting
0
0
0
0
0
0
0
0
0
0
0
0
0
0
0
0
0
0
0
0
0
0
0
0
0
0
0
0
0
0
0
0
0
0
0
0
0
0
0
0
0
0
0
0
0
0
0
0
0
0
0
0
0
0
0
0
0
0
0
0
0
0
0
0
0
0
0
0
0
0
0
0
0
0
0
0
0
0
0
0
0
0
0
0
0
0
0
0
0
0
0
0
0
0
0
0
0
0
0
0
32 round of counting
0
0
0
0
0
0
0
0
0
0
0
0
0
0
0
0
0
0
0
0
0
0
0
0
0
0
0
0
0
0
0
0
0
0
0
0
0
0
0
0
0
0
0
0
0
0
0
0
0
0
0
0
0
0
0
0
0
0
0
0
0
0
0
0
0
0
0
0
0
0
0
0
0
0
0
0
0
0
0
0
0
0
0
0
0
0
0
0
0
0
0
0
0
0
0
0
0
0
0
0
33 round of counting
0
0
0
0
0
0
0
0
0
0
0
0
0
0
0
0
0
0
0
0
0
0
0
0
0
0
0
0
0
0
0
0
0
0
0
0
0
0
0
0
0
0
0
0
0
0
0
0
0
0
0
0
0
0
0
0
0
0
0
0
0
0
0
0
0
0
0
0
0
0
0
0
0
0
0
0
0
0
0
0
0
0
0
0
0
0
0
0
0
0
0
0
0
0
0
0
0
0
0
0
34 round of counting
0
0
0
0
0
0
0
0
0
0
0
0
0
0
0
0
0
0
0
0
0
0
0
0
0
0
0
0
0
0
0
0
0
0
0
0
0
0
0
0
0
0
0
0
0
0
0
0
0
0
0
0
0
0
0
0
0
0
0
0
0
0
0
0
0
0
0
0
0
0
0
0
0
0
0
0
0
0
0
0
0
0
0
0
0
0
0
0
0
0
0
0
0
0
0
0
0
0
0
0
35 round of counting
0
0
0
0
0
0
0
0
0
0
0
0
0
0
0
0
0
0
0
0
0
0
0
0
0
0
0
0
0
0
0
0
0
0
0
0
0
0
0
0
0
0
0
0
0
0
0
0
0
0
0
0
0
0
0
0
0
0
0
0
0
0
0
0
0
0
0
0
0
0
0
0
0
0
0
0
0
0
0
0
0
0
0
0
0
0
0
0
0
0
0
0
0
0
0
0
0
0
0
0
36 round of counting
0
0
0
0
0
0
0
0
0
0
0
0
0
0
0
0
0
0
0
0
0
0
0
0
0
0
0
0
0
0
0
0
0
0
0
0
0
0
0
0
0
0
0
0
0
0
0
0
0
0
0
0
0
0
0
0
0
0
0
0
0
0
0
0
0
0
0
0
0
0
0
0
0
0
0
0
0
0
0
0
0
0
0
0
0
0
0
0
0
0
0
0
0
0
0
0
0
0
0
0
