0 round of counting
43576
17108
13195
60104
54220
13785
43769
47816
47845
66676
48372
56385
63881
54327
50687
67364
53275
53675
49898
65280
46440
71072
71065
72615
69481
64137
64496
61020
62080
76805
70096
63065
61058
54716
67589
62514
9629
14748
81333
1 round of counting
28508
24407
23860
61818
55244
23351
45820
48402
49025
65085
50720
56917
62445
56790
53345
65870
54665
54116
51848
65439
47794
68487
68704
70019
68363
63708
63294
62073
60809
75649
67652
62605
60200
54495
67346
61634
19566
25814
80121
2 round of counting
1123
946
859
1064
1058
892
1034
1078
1090
1001
1119
1075
1062
1105
1104
1005
1064
986
1084
1065
1118
1074
1050
1044
1063
1043
1045
1079
1023
1040
1011
1058
1036
993
1087
1021
811
867
1085
3 round of counting
1122
948
862
1109
1085
900
1048
1019
1023
974
1100
1071
1053
1089
1131
1101
1079
980
1119
1112
1070
1032
1058
1060
1056
1054
1060
1088
1031
1062
1020
1023
1001
1003
1082
999
831
863
1098
4 round of counting
5
0
1
0
0
0
0
1
0
0
0
0
0
1
0
0
0
0
0
0
0
0
0
0
0
0
0
0
0
0
0
0
0
0
0
0
0
0
0
5 round of counting
1365
1228
1127
1507
1506
1204
1363
1368
1341
1407
1402
1432
1467
1466
1464
1422
1434
1400
1432
1437
1391
1468
1481
1473
1520
1452
1456
1448
1430
1508
1451
1447
1361
1379
1503
1404
1105
1174
1478
6 round of counting
8854
6630
7011
19551
17147
7243
17914
19458
19106
18537
18904
17020
17832
19136
19136
18476
18427
16323
19085
20092
18641
19142
19067
19082
19824
17984
18147
19806
17826
22012
18719
18757
17494
16617
20308
17702
5622
7407
23020
7 round of counting
1
2
0
0
0
0
0
0
0
0
0
0
0
0
0
0
0
0
0
0
0
0
0
0
0
0
0
0
0
0
0
0
0
0
0
0
0
0
0
8 round of counting
261
276
278
363
370
302
296
292
294
412
320
371
408
354
325
425
363
377
328
383
308
426
439
441
423
420
407
381
397
457
440
407
405
389
397
424
288
287
435
9 round of counting
258
287
293
361
376
300
307
306
306
426
326
391
414
357
331
417
357
385
333
391
313
439
438
448
429
414
418
377
410
442
436
409
408
390
413
417
296
295
443
10 round of counting
0
2
0
0
0
0
0
0
0
0
0
0
0
0
0
0
0
0
0
0
0
0
0
1
0
0
1
0
0
1
0
0
0
0
1
0
0
0
0
11 round of counting
13630
10870
10468
22440
21275
11407
19633
20702
20361
21542
21552
20716
21338
21596
21116
21734
21557
19684
21046
22710
20443
22522
22588
22784
22748
21641
21758
22773
22142
25209
22364
21478
20597
19277
23272
20501
9240
11056
26352
12 round of counting
14429
11226
10143
22371
20652
10770
19381
20594
20451
21464
21249
21360
21592
21822
21037
21569
20897
18943
21044
22786
20585
22842
23689
23736
23085
21580
21647
22646
21141
24879
22279
21385
20299
19710
23441
20555
9347
10897
26202
13 round of counting
990
849
764
840
922
812
833
848
843
783
903
845
873
867
889
830
910
810
917
887
911
896
849
845
863
860
847
944
867
902
840
837
812
796
867
829
779
762
885
14 round of counting
21348
15934
15772
43089
38176
16368
37817
40903
40310
40491
40867
37744
39950
41742
41487
41368
40338
35909
40759
43704
40481
42995
42525
43103
43948
40087
40375
43583
39774
48477
42187
41493
38555
36835
44584
38568
12937
17227
51470
15 round of counting
22631
16748
16548
43653
39085
17273
38512
41916
41404
41820
42063
39148
41035
42753
42151
42199
40940
37058
41768
45221
41086
44319
44178
44066
45016
41471
41985
44697
41029
49806
43083
42531
39949
37543
46192
40142
13939
17838
52016
16 round of counting
1261
1143
1073
1251
1205
1092
1119
1166
1149
1178
1199
1250
1296
1247
1238
1224
1247
1169
1231
1246
1184
1265
1309
1279
1239
1249
1236
1250
1235
1263
1235
1272
1243
1221
1264
1215
1073
1074
1300
17 round of counting
8112
5740
6144
21433
18208
6346
19053
20818
20629
20026
20385
18150
19358
20549
20608
20199
19716
17304
20463
22023
19976
20886
20862
21073
21800
19683
19677
21696
19244
24318
20513
20302
18883
17765
22384
19200
4523
6772
25607
18 round of counting
8440
6225
7353
21834
18573
6503
19225
20940
20801
20502
20513
18508
19616
21017
20925
20381
20021
17653
20712
22258
20202
21121
21005
21296
21994
19769
19963
22021
19473
24694
20813
20474
18980
17958
22729
19425
4598
7007
25922
19 round of counting
250
272
275
339
345
289
283
280
289
363
311
353
374
333
314
377
328
341
305
355
290
383
376
395
377
368
374
337
364
380
378
360
366
344
375
368
273
272
383
20 round of counting
0
0
0
0
0
0
0
0
0
0
0
0
0
0
0
0
0
0
0
0
0
0
0
0
0
0
0
0
0
0
0
0
0
0
0
0
0
0
0
21 round of counting
2
1
0
0
0
0
0
0
0
0
0
0
0
0
0
0
0
0
0
0
0
0
0
0
0
0
0
0
0
0
0
0
0
0
0
0
0
0
0
22 round of counting
2
0
0
0
0
0
0
0
0
0
0
0
0
0
0
0
0
0
0
0
0
0
0
0
0
0
0
0
0
0
0
0
0
0
0
0
0
0
0
23 round of counting
13881
12995
11559
16295
16537
11983
12759
13402
12784
17763
14007
17175
17720
15507
14236
18227
15620
15379
16260
17701
13181
18581
19128
19019
17606
17466
17714
16829
17543
19555
18972
17500
17113
16126
16895
17379
11398
11680
19743
24 round of counting
0
0
0
0
0
0
0
0
0
0
0
0
0
1
0
0
0
0
0
0
0
0
0
0
1
0
0
0
0
0
0
0
0
0
0
0
1
0
0
25 round of counting
2250
1545
1629
5673
5201
1727
5133
5546
5533
5522
5403
5198
5524
5498
5523
5625
5288
4856
5479
5877
5366
5924
5913
6009
5882
5630
5648
5762
5532
6469
5902
5481
5249
4927
5982
5286
1205
1791
6759
26 round of counting
239
174
143
238
201
145
206
219
209
181
236
184
165
260
223
170
238
174
219
197
219
179
167
162
197
186
179
228
186
223
171
193
165
165
220
167
130
147
231
27 round of counting
3974
2676
2880
9524
8472
3018
9302
10133
10120
8591
9711
8391
8685
9449
9868
8713
9015
7859
9797
9703
9697
9165
9122
9147
9308
8824
8847
9651
8747
10286
9046
8848
8280
8000
9737
8341
2085
3105
10734
28 round of counting
515
196
196
16829
16829
277
825
905
941
29217
3382
19533
25870
11182
5037
29477
12253
19141
4609
21322
1493
31129
31233
33053
28082
25870
26002
17125
23981
30581
31070
23662
24830
19502
23693
25901
196
277
33081
29 round of counting
1509
1515
2286
16744
12381
2081
9415
10155
11050
18647
10804
13654
16655
13725
12341
19128
13327
13692
12171
18894
11166
25220
20332
20294
19633
16749
16404
16685
15613
22937
19177
17787
16607
13922
19512
17350
1025
1691
25257
30 round of counting
73
28
28
5517
5517
39
117
128
139
9709
964
6431
8576
3604
1525
9797
3967
6299
1381
7036
325
10357
10391
11007
9324
8576
8620
5617
7937
10171
10336
7828
8224
6420
7839
8587
28
39
11017
31 round of counting
61
20
20
5010
5010
30
101
111
121
8821
871
5841
7791
3271
1381
8901
3601
5721
1250
6391
290
9410
9441
10001
8471
7791
7831
5101
7210
9241
9391
7111
7471
5831
7121
7801
20
30
10010
32 round of counting
10
5
5
504
504
6
14
15
16
886
91
588
783
331
142
894
364
576
128
643
32
944
948
1004
851
783
787
514
724
928
943
715
751
587
716
784
5
6
1004
33 round of counting
10
5
5
504
504
6
14
15
16
886
91
588
783
331
142
894
364
576
128
643
32
944
948
1004
851
783
787
514
724
928
943
715
751
587
716
784
5
6
1004
34 round of counting
144
53
53
11031
11031
75
232
254
276
19416
1926
12860
17150
7206
3048
19592
7932
12596
2759
14070
647
20711
20780
22012
18646
17150
17238
11232
15871
20340
20670
15654
16446
12838
15676
17172
53
75
22031
35 round of counting
0
0
0
0
0
0
0
0
0
0
0
0
0
0
0
0
0
0
0
0
0
0
0
0
0
0
0
0
0
0
0
0
0
0
0
0
0
0
0
36 round of counting
144
53
53
11031
11031
75
232
254
276
19416
1926
12860
17150
7206
3048
19592
7932
12596
2759
14070
647
20711
20780
22012
18646
17150
17238
11232
15871
20340
20670
15654
16446
12838
15676
17172
53
75
22031
