0 round of counting
46151
19022
174856431
222002078
226489229
3136029
150049582
48668228
88259854
145887484
11127858
164695552
145245699
134252067
490328
105397535
8840273
154974170
94117652
13749835
154011793
104577716
127952846
103687501
38873495
91925076
85954263
170362123
134596336
155221906
122832053
120024181
37973303
163481426
174565817
128042664
110373058
151906359
57257597
4532382
13023608
69999280
43958257
159747113
55483896
145738478
145738113
145738209
51921228
200017283
205907475
291400376
13045
12281
13859
13426
1 round of counting
29749
24136
166109204
219534766
236682109
2930902
145273022
46717496
84519702
140962611
10728233
161754242
140170954
133422664
531605
104421280
8647370
148835261
92746380
13302226
151625228
103849922
128014425
102132593
38242860
90964506
84769127
169532013
131362742
163284897
127983534
122116222
38391540
174619718
186000964
137461670
115670445
166122405
61501572
3731539
12205812
59685446
39502979
156871003
49491790
139178265
139447813
139803697
35007608
174320992
183527705
262286781
64682
20236
19758
22617
2 round of counting
859
807
204095
335822
409702
4477
218137
68550
156635
138730
12425
208963
267122
160904
1260
136407
12085
207075
127852
15857
165681
160472
137393
144305
39834
70228
99632
209228
144486
102468
164351
123487
50793
185739
135665
150222
157069
144290
119837
6310
29232
40364
59274
248404
81921
162894
57268
46301
1245
89904
95765
147389
632
680
661
696
3 round of counting
959
815
292163
321219
334473
7360
165677
46406
127603
113255
13121
149126
109799
143392
1978
92962
13069
138845
118705
16095
133977
107818
88617
137991
20909
58989
69505
154681
109059
195625
112887
150829
45989
167956
126926
117926
133743
182486
109206
7011
30350
72692
26319
207043
90661
98660
73284
42422
1832
121318
131545
123454
1000
690
652
658
4 round of counting
68
16
916
1524
1503
569
866
867
886
1316
643
914
1474
1373
559
621
519
929
1061
547
888
1159
1418
1201
792
762
955
1317
1367
1441
1374
1400
828
1207
1502
1392
1162
1390
927
335
29
244
286
975
708
1016
1381
1317
544
892
1344
1593
504
28
14
12
5 round of counting
1038
1069
921283
1032562
972430
22650
712532
245556
468956
1315746
46824
782463
944974
847644
1673
563814
42730
850889
603979
66030
856756
554305
615919
611065
213578
463168
483471
883876
720723
809170
688196
707533
229062
793250
790559
696131
634402
672515
343028
9597
54701
172318
129332
744511
205566
614105
611732
606181
12138
673242
844399
1717866
612
875
868
866
6 round of counting
9541
7508
75836608
99847322
104114465
1263993
67910885
22013658
39470294
58011436
5005226
73530669
62628147
60208377
224060
47274883
3962226
67285104
41549889
6142234
67556241
46816310
58105796
46529899
17337055
41010370
38243759
75528675
60424267
71538506
56164702
54379242
17263599
75472344
80544161
59686102
50567822
71226452
27290328
1897884
5865283
29655874
18856847
71645791
23765642
63815559
63974002
63503593
19451952
84870979
86952700
104752464
7892
6320
6649
6778
7 round of counting
63
19
19955
16098
17067
803
14290
1295
6394
25138
907
18151
13607
11914
743
3725
2132
25367
3423
3812
21632
4347
24956
3404
7079
9643
14258
32187
11760
15400
11398
10560
1264
16546
18328
11406
4022
25552
1392
465
1063
4078
1888
11573
1098
19882
20434
19098
642
18849
16473
53907
573
27
17
15
8 round of counting
172
224
1034492
839198
896631
18017
730986
203521
402972
1415345
42734
904352
901242
768763
989
542394
36931
916338
522225
61946
904903
553457
705944
519374
191562
456961
418633
985999
737552
832870
691802
680469
177295
850390
903281
675185
553538
759532
242066
4744
32307
135783
95080
584151
112989
787617
790094
790401
11252
871822
900508
2428849
206
204
216
211
9 round of counting
225
241
1053616
854193
912574
18221
743971
203765
409658
1435676
43182
919457
914090
779934
1153
545017
38516
940363
524601
65149
927210
556807
727570
521342
197845
464123
430393
1017987
748741
846477
702071
689003
178128
863990
918662
685323
557755
783531
242672
4893
33870
140084
96559
596060
113272
806376
809180
809858
11787
890378
915465
2482702
297
220
218
226
10 round of counting
2
0
19033
14503
15397
272
13597
352
5421
23625
241
17469
12366
10334
117
3142
1672
24720
2384
3356
20267
3291
23336
2118
6762
9050
12603
30128
10728
14348
10426
8826
362
15436
16033
9971
3050
24093
438
242
1221
3756
1399
10597
413
19084
19213
19342
80
17672
14963
52226
74
0
0
0
11 round of counting
14251
10530
71379477
94161264
104649207
1214068
58043992
18585601
33915093
61974708
4328668
67807381
58909735
56405847
206887
45403539
3680004
65545004
40567483
5591884
66977012
45299887
56395667
45071499
16654867
40062612
36883895
74801857
57068991
72011084
55654259
52878130
16613717
77396689
82508790
60521983
51136701
75222195
27669467
1526715
5198383
24314679
16503090
67457528
20482848
54230141
54311601
54086489
13082749
70226572
74673405
118668287
11889
8760
8931
9579
12 round of counting
13869
10809
72079847
95440391
107960625
1283181
60453268
19505927
34933392
64099090
4568536
69721926
60699808
57693538
206837
45265187
3684703
65162635
40638805
5616646
66666206
44990234
56149578
44542531
16668186
39984683
36826734
74429244
56601686
72012962
52950788
50216124
15793636
73885964
78673382
57771960
49166829
73064955
26723808
1487934
5036982
24105586
16275006
65926123
20240059
50546663
50617791
50744313
13235704
65064876
69161906
116177366
12200
8839
8717
9334
13 round of counting
807
758
3469
4980
5891
1019
3303
1974
2497
2595
1294
3391
3419
3268
947
2576
955
2763
2674
1062
2923
3162
2875
2947
1378
2149
2006
3022
3247
3858
3757
3435
2005
3653
4169
3731
3236
3682
2577
836
1036
2281
1688
4250
2219
2825
3294
3181
1533
3943
4402
4739
1017
628
577
599
14 round of counting
22918
17674
161025922
210120359
230788623
2770747
135754026
44168474
79474401
129351979
10058682
150028373
128407297
123567677
455771
97507382
8227443
139557011
86707659
12277827
142314291
99269002
122936112
98531797
36686913
87310110
81178088
162034576
125613652
153818583
119462177
114389197
36619677
164054429
175301533
128761152
109404575
157562495
58951552
3834309
12082963
60251586
39481467
151907970
49805637
123892071
122905537
123272160
38245659
165858486
173268562
245034984
18469
13766
15299
15586
15 round of counting
23171
17924
157251786
209850104
231826219
2737798
137577324
44511100
80256975
130162654
10282516
153892768
131586930
126474408
478777
99576711
8311996
142190198
88301990
12651599
144821983
98867323
122470399
98267542
36810341
87758538
81388095
161301523
125439646
154513242
119994565
114912226
36665277
164295511
173585882
125881931
107310217
154416500
57732541
3794847
11841190
59585932
38927171
151624792
48752239
122000502
123217307
123175554
38345835
165676839
173929021
244821300
19928
14795
15258
15905
16 round of counting
1049
954
225197
237036
245947
4619
210799
62548
101972
496871
14412
214739
214294
211366
1594
136879
9658
174443
129446
18203
177087
136910
165323
135170
39759
87203
85288
181913
209226
224061
210991
207898
57131
212713
235131
214961
144955
180314
70843
2677
11009
44911
25728
189721
39638
198665
210909
211624
10006
223376
225539
633037
1149
831
812
797
17 round of counting
9106
7211
87889971
117507003
126332183
1486459
78240683
25491789
45537316
67023165
5799041
84587645
71563255
69111109
261787
55013483
4591905
76536505
48153381
7054518
78142786
53729734
66405258
53840351
20059165
47429187
44428961
86502133
68485016
82179423
64011065
61962016
20051009
86944936
93111610
68417617
58437228
82488164
31374072
2336462
6910419
36058342
23065821
84705909
29012152
70530116
70289131
70726068
25382805
96202716
99037217
126495858
6181
5797
6460
6521
18 round of counting
9351
7267
87754082
116613720
123083312
1486222
76763349
25126794
44886885
66686012
5808141
84703299
71098753
69131254
263079
54857565
4600461
77021080
48339292
7078614
78579947
54239558
66793776
54397763
20110850
47569988
44561980
87075365
68857776
82249466
64162253
62126474
20108247
87080886
93223747
67598219
57614445
81574042
31000539
2323855
6853951
35781401
22821027
83725907
28736370
68845734
69498385
69499318
25331528
94539939
96890372
125854226
6657
6116
6839
6817
19 round of counting
225
239
221873
231364
239414
3707
207413
61666
99631
494598
13232
211775
210445
208208
663
133343
8682
170841
126805
16445
172617
133925
164024
132724
39142
85163
82407
178775
207506
220234
208130
204131
55098
209762
230640
212392
143361
178728
68485
1947
9690
43101
24662
185791
38227
196896
208359
206879
8513
220217
220455
629433
297
222
208
217
20 round of counting
0
0
1673
1844
1771
74
1654
547
615
1613
164
1573
1711
1736
55
1068
115
1536
1016
196
1419
1090
1632
1090
442
497
744
1571
1708
1726
1696
1721
477
1300
1748
1732
1128
1660
551
4
14
48
8
1268
302
1412
1711
1893
45
1703
1736
1744
43
3
0
0
21 round of counting
3
1
0
76
115
89
23
72
11
0
80
9
83
82
82
25
6
0
88
22
2
78
12
95
12
1
1
3
78
81
87
105
95
32
73
128
83
10
125
15
2
17
0
0
102
39
80
89
86
7
87
121
85
19
1
0
22 round of counting
7
1
1670
1867
2327
166
2052
668
845
1613
241
1572
1769
1825
129
1222
120
1522
1154
222
1439
1177
1637
1174
451
503
757
1489
1796
1789
1771
1825
566
1295
1824
1781
1244
1643
668
17
20
54
12
1263
387
1447
1782
1790
130
1755
1848
1845
131
15
5
6
23 round of counting
11732
10127
7555959
11365266
13900860
141780
6243707
1925589
3125187
5838463
464709
7151278
5921530
6431647
58724
4814266
321807
5649388
4251796
462502
6449843
5348439
6135816
5327871
1602597
3910278
3560604
7893727
6521626
9078843
7089186
6488311
2062332
9645658
10565619
8100089
6486539
9563135
3768128
119219
530527
1940636
1554090
8023405
2125244
4408675
4625047
4612584
146857
4853439
5297137
11353653
46045
9370
8006
8388
24 round of counting
0
0
72
94
96
2
60
19
34
58
5
67
57
57
1
43
4
62
38
5
65
43
55
43
16
39
34
70
55
66
53
50
17
73
80
60
45
70
25
2
5
24
17
64
20
54
54
55
13
71
73
106
0
0
0
0
25 round of counting
2221
1878
28944085
32624730
33274298
485986
23575111
7567272
14087053
24668560
1700897
26311075
24540726
21359152
69395
16651446
1354409
25693816
15214870
2126418
24910257
16759945
20012413
16306727
6109455
14487943
13518355
27660297
21420930
24105841
19272574
19011735
5835514
25230243
26910114
19556686
17132922
23095057
8531206
627683
1856272
9929163
6266686
23565545
7892971
23899335
23899213
23899242
7203076
32183419
33935095
48900840
1676
1572
1761
1742
26 round of counting
261
152
749754
1444111
1755575
11391
554820
172254
297563
730820
42750
746713
566229
657990
2325
505298
38392
650007
440426
53983
753291
499302
692093
502418
185284
460095
408436
862870
588151
996242
719700
552145
177746
1043301
1102368
847185
705863
1228144
432048
12493
60220
228462
182579
881221
222086
166001
163287
166245
733
197704
287278
1161801
242
107
103
131
27 round of counting
4016
3410
45306562
55855765
57124906
773701
38561152
12451314
22769082
36278583
2825527
42299882
37900229
34476549
122510
26996958
2252931
40262050
24288773
3507005
39770667
26905567
32797567
26511843
9959726
23569657
21971185
44036036
34501497
39803553
31560220
30839376
9681828
41859510
44689593
32689490
28289887
38778751
14509012
1118910
3247828
17408338
10954207
40277630
13813607
38012174
38012130
38012159
12805372
51520649
53380960
71574302
2957
2805
3185
3129
28 round of counting
499
366
16688280
14405098
15120802
266345
12256093
3790351
6841462
15786759
878764
15066316
14323194
12350754
32622
9344583
708804
14783087
8637490
1116653
14488185
9326619
11630579
9144368
3365644
8059105
7490491
16016745
12272226
13658736
10882649
10744470
3150043
14196383
15189090
11001891
9461895
12773893
4430790
109450
630960
2339466
1812056
9520797
2119779
11838935
11838632
11838632
372
12492607
13879665
28865984
156
151
234
333
29 round of counting
3218
2819
45444482
58612031
55989474
792038
42686410
13762316
25259710
34978463
3073794
44011934
37355197
36240900
142071
28317186
2484516
39271021
24658509
3979412
40276085
27837914
34662321
26833650
10509845
24706369
23531938
45345512
36327443
42623692
34074648
33416520
10474165
44800026
47760197
35747454
30112232
40852299
14974296
1150349
3408002
17723960
11085625
41115269
14000159
43765270
43613602
43757179
12566735
50605391
51280628
62125455
2406
1910
2432
2389
30 round of counting
0
0
0
0
0
0
0
0
0
0
0
0
0
0
0
0
0
0
0
0
0
0
0
0
0
0
0
0
0
0
0
0
0
0
0
0
0
0
0
0
0
0
0
0
0
0
0
0
0
0
0
0
0
0
0
0
31 round of counting
13
12
200001
200293
200005
4190
189821
61909
113905
138259
14402
194081
171851
155501
758
124929
10550
177246
108255
17675
175989
122809
148415
122025
45367
106787
100415
194057
157605
176267
138836
137035
44577
184955
197754
145338
126125
166983
63181
2072
10635
35522
28591
134995
32793
299996
299990
299990
11
200002
200002
249999
3
3
7
9
32 round of counting
24
16
400000
400000
400000
6816
379640
123816
227676
276516
27088
388160
325136
311000
1216
249856
21088
352612
216508
33080
351976
245616
296828
244048
90732
213572
200828
388112
315208
352532
277668
274068
89152
369900
395504
290656
252248
333820
125960
4000
21212
70800
56972
269692
65244
400000
400000
400000
16
400000
400000
400000
4
4
8
16
33 round of counting
24
16
400000
400000
400000
6816
379640
123816
227676
276516
27088
388160
325136
311000
1216
249856
21088
352612
216508
33080
351976
245616
296828
244048
90732
213572
200828
388112
315208
352532
277668
274068
89152
369900
395504
290656
252248
333820
125960
4000
21212
70800
56972
269692
65244
400000
400000
400000
16
400000
400000
400000
4
4
8
16
34 round of counting
37
28
600001
600293
600005
11006
569461
185725
341581
414775
41490
582241
496987
466501
1974
374785
31638
529858
324763
50755
527965
368425
445243
366073
136099
320359
301243
582169
472813
528799
416504
411103
133729
554855
593258
435994
378373
500803
189141
6072
31847
106322
85563
404687
98037
699996
699990
699990
27
600002
600002
649999
7
7
15
25
35 round of counting
0
0
0
0
0
0
0
0
0
0
0
0
0
0
0
0
0
0
0
0
0
0
0
0
0
0
0
0
0
0
0
0
0
0
0
0
0
0
0
0
0
0
0
0
0
0
0
0
0
0
0
0
0
0
0
0
36 round of counting
37
28
600001
600293
600005
11006
569461
185725
341581
414775
41490
582241
496987
466501
1974
374785
31638
529858
324763
50755
527965
368425
445243
366073
136099
320359
301243
582169
472813
528799
416504
411103
133729
554855
593258
435994
378373
500803
189141
6072
31847
106322
85563
404687
98037
699996
699990
699990
27
600002
600002
649999
7
7
15
25
