0 round of counting
28058
23020
13252
16116
28788
18963
180744
171331
380042244
299701348
213516034
191776031
228102659
102982859
3703021
332403236
206608232
205715859
230530368
212837992
320139433
63950881
352391087
30260100
31498028
5594911
19959509
26615519
45970782
337336294
345442778
337173136
347328441
370321631
331419858
339866722
342508842
339945468
337513689
349165755
293365
29812
26132
52763
19551
19682
121171
187019
221668
251383
115031
42942
33559
220279744
182537303
219591909
137861294
332737499
329182594
11409301
13929636
291102783
190470387
8812262
1 round of counting
268494
22199
17524
20084
30647
20977
144665
132184
474268621
358184285
244908334
216101518
260786800
112979584
3069118
391732730
113720643
120038083
198115607
207247917
407879619
75145137
431655326
32312621
33351475
4971826
20569767
27527545
48564087
415926631
420965764
419414499
410991749
461467352
422166952
415860704
412474019
406698531
404117603
417547715
252474
31063
28929
49609
22390
20824
95288
130359
153539
191468
95185
36798
30708
256426587
255298327
265609010
162647940
412391901
399256614
10965070
13323304
346286955
217446691
6378600
2 round of counting
726
556
409
475
504
439
818
767
16543
13382
11646
11866
15408
3369
1125
15230
6055
3852
7956
15153
11771
9779
18375
4510
4762
2085
4829
6187
4950
16733
18597
19579
13330
17049
19363
17415
17304
16482
17029
16750
575
537
485
519
472
494
744
728
794
1005
716
531
554
15023
12426
16228
10974
15365
16993
7013
12671
15207
14687
13775
3 round of counting
716
587
425
467
475
466
785
757
17424
8907
14035
12016
13825
10031
2061
20149
5357
5381
12929
16435
20216
10027
18543
3846
5310
2711
4433
5209
6189
20093
22147
18180
20670
16545
15309
18347
18981
13445
18546
15777
585
535
472
519
474
492
671
760
761
1037
657
535
517
16019
11777
15618
9902
17945
13429
9982
14210
15101
11258
11367
4 round of counting
8
4
0
0
0
0
0
0
2
1
5
0
15
7
0
2
9
0
0
0
0
0
0
2
1
0
0
0
0
2
3
0
0
2
0
1
1
2
1
0
1
0
0
0
0
0
0
0
0
0
0
0
0
1
4
0
1
1
4
1
0
0
0
0
5 round of counting
10098
778
661
653
725
643
1141
1038
27554596
13742838
9438923
8861245
10158874
4202729
29657
16242165
834319
1306790
4630061
5508092
19890351
4132145
19360028
1162009
1248911
90125
601629
867018
1522908
12400707
13952843
12708987
14270558
27079143
11049526
13126228
13376101
14516119
14449183
15429710
9376
766
641
741
694
697
1082
1164
1190
1406
1115
820
768
7451068
8315794
15572451
9358031
20345019
17463359
339429
472021
13795221
8135694
134626
6 round of counting
126996
7866
6535
7306
12601
8592
71353
65896
228010902
171540536
120010378
107365504
127726636
56591455
1572502
189969871
53349527
56357497
90897459
94347039
191774703
36145231
206175219
16552639
16913253
2578515
10380431
13817946
24499305
194046389
197093135
194456183
195476438
222077500
192903910
195432413
194861225
193497621
193338626
198281846
123177
12772
11058
20880
8669
8570
46629
69033
79872
97570
46098
16272
13482
115104122
115465411
130308793
81696823
198642420
190366541
5319814
6348980
166700561
106230792
2976626
7 round of counting
27
3
0
0
0
0
0
0
47
11
6
6
4
3
0
9
5
0
1
2
25
3
4
1
1
0
1
0
1
1
5
6
30
14
0
12
1
12
6
7
0
0
0
0
0
0
0
0
0
0
0
0
0
0
1
1
1
15
9
0
1
0
2
1
8 round of counting
9461
197
182
199
250
204
316
303
27544310
13665051
9379608
8799379
10049271
4125952
57426
16134767
786062
1221942
4658957
5579066
19881761
4086325
19356385
1152345
1229939
95294
609145
863905
1530606
12371130
13909184
12665541
14219896
26878087
11038784
12965763
13391204
14410403
14511225
15387990
8867
232
207
344
219
213
378
571
398
434
339
260
245
7390408
8341893
15587275
9371559
20330682
17436588
322772
421181
13969673
8144422
119590
9 round of counting
9239
198
191
204
233
203
384
291
27470383
13705485
9391192
8770971
10117536
4148686
26685
16194134
775477
1227467
4629851
5412086
19827113
4107945
19314629
1152026
1265219
93263
604509
886405
1573041
12306107
13883105
12635368
14195704
26877802
11015512
13010264
13439387
14339327
14563021
15321504
8817
244
218
335
217
225
325
512
391
613
337
258
257
7410288
8270264
15511439
9376451
20256898
17443194
377504
425485
13919326
8159922
123144
10 round of counting
2
2
0
0
0
0
0
0
23
0
6
3
1
1
0
6
0
0
2
1
11
3
2
0
0
0
0
0
2
3
3
4
28
22
0
6
1
5
0
16
0
0
0
0
0
0
0
0
0
0
0
0
0
1
0
6
0
3
1
0
2
8
1
1
11 round of counting
113159
10715
8000
9294
15044
10127
80597
68719
173384129
147212659
104918071
90081081
110277004
49461447
1783808
157374757
67965955
70402884
105196127
108946216
163475830
27547402
169153294
14664470
14579791
2663333
9701732
12752320
22814141
192622123
182717217
188852062
175049456
164628729
201271574
188664043
181831324
174118355
172693164
171912129
111707
15610
14037
25049
10275
9644
50861
72188
82543
102735
51916
18184
14337
134574987
133079005
99911243
64343437
152829601
150639513
4556658
5348485
141284570
93133655
2474455
12 round of counting
113599
10717
9842
14274
16832
10763
82556
72094
173875695
146822394
104748109
89830772
109924115
49224891
1780930
156827219
67936212
70273873
105186552
109019792
163447483
26986395
168665704
14713688
14525798
2677783
9669212
12726726
22774813
194412374
183065308
188061489
175433446
164615952
200504515
188487959
180394371
175103079
171296748
171323591
110417
15254
14485
25795
10249
9750
51131
70196
84409
105214
52168
18466
14496
134519001
133227506
100352211
64725578
153331219
150683408
4538455
5366341
141819311
92576816
2467906
13 round of counting
586
507
394
423
444
382
441
415
111278
11327
9302
6732
12553
4159
623
12494
4157
4894
9749
8687
51461
16581
62523
4565
4373
1370
2810
3492
5685
43571
43719
45827
40389
139087
45705
48376
46177
45749
19321
7741
564
442
421
423
413
426
448
434
424
444
429
413
397
9456
5550
41947
21329
11705
9038
765
721
7973
4897
616
14 round of counting
233235
19601
15013
17355
28740
20628
177064
157961
380504216
321389234
228829573
198341590
241313119
108277441
3875125
344562726
135480673
139124741
203810803
209452552
345942561
60523672
368430520
32110906
32223136
5865096
21267143
27682547
49386965
403320805
389844204
398091894
378130853
360556586
415302609
398702330
387531561
375211042
372761418
374036268
227277
29626
26540
50843
18999
17814
112172
162281
189908
235415
110077
36126
29540
254832801
256334793
218334633
141716918
334288324
330728183
10059795
11742152
308332868
202908139
5500904
15 round of counting
245594
19827
15182
18061
30173
19753
176247
158953
400274769
333280760
237037207
206162342
250141851
112006834
3899830
359406075
135819783
139951477
207601073
213869774
363512262
64243445
385511898
33155317
33195889
5943633
21787179
28438291
50795276
414954976
402820599
409470240
391469922
382164529
425791501
410667995
400630992
388052413
385673071
387604705
236520
30646
26595
50752
19760
18673
113095
162040
191333
236158
112189
37345
29775
260923894
263811056
232754056
147745331
352373447
348123760
10429691
12181285
320799186
210707429
5623690
16 round of counting
10322
751
554
584
622
573
786
711
20515356
12311093
8430045
7881727
8962274
3762177
25393
14456575
399423
765980
3682171
4351494
15922943
3107327
17030789
1028093
1028180
101496
566365
719807
1324050
11719968
13147396
12052879
13303401
20866064
10562017
12271940
12713889
13389758
13490813
14121626
9351
664
570
607
661
618
771
760
1055
804
716
696
648
6298254
7296560
11553930
6866426
17778098
15822704
291566
363906
12693777
7472373
113415
17 round of counting
122152
8368
6551
7972
14566
9365
95023
86838
208768820
174421738
124032256
108526010
131348886
59227455
2076907
188409123
67466491
68936649
98545530
100336002
184559758
33685309
199486165
17525822
17613676
3180728
11515061
15030606
26602748
211208604
207883237
209757331
203640440
197016286
214837729
210537857
206699314
201369958
200618447
202401322
119163
14703
12739
25449
9293
9025
61307
92013
107206
127854
59155
18800
15403
120279054
123693166
120765804
77113274
181303577
181217483
5571946
6451361
167190618
109989246
3029187
18 round of counting
132306
8364
6918
8207
14774
9324
96425
86638
229506057
186913641
132360260
116401389
140536999
63053975
2111330
203312775
67867420
69809932
102319580
105095706
200700622
36740911
216253183
18532408
18722998
3272286
12049420
15761060
27863262
222924538
220796300
221746660
217097859
217753398
225203634
222756923
219625910
214569185
213881173
216372417
127972
14831
12878
25670
9631
9280
62263
92172
108488
129812
59681
19046
15470
126453108
130947234
132491813
83955418
199362071
196828908
5853342
6807916
179917866
117431282
3142660
19 round of counting
9396
198
175
191
193
207
278
294
20483087
12354945
8486748
7864610
8965929
3731904
24869
14485013
424788
941784
3748283
4442876
15875894
3082802
17010556
1041890
1095017
106247
547368
719058
1343049
11821647
13098364
11840999
13265821
21009514
10539819
12374288
12571397
13341808
13495974
14150406
8942
201
186
203
204
187
336
394
411
399
290
248
251
6169431
7397948
11539432
6875930
17836642
15616226
292250
364289
12582147
7487042
116225
20 round of counting
3
0
0
0
0
1
0
0
12
1
2
1
1
0
0
2
1
0
0
1
1
1
1
0
0
0
0
0
0
4
0
1
5
3
2
0
3
3
0
2
0
0
0
0
0
0
0
0
0
0
0
0
0
0
1
0
1
2
0
0
0
0
0
1
21 round of counting
2
0
0
0
0
0
0
0
0
0
4
0
0
0
1
0
1
0
0
1
0
1
1
3
1
0
0
0
0
0
0
0
8
0
0
3
0
1
0
1
1
0
0
0
0
0
0
0
0
0
0
0
0
0
0
0
0
0
0
8
0
0
8
0
22 round of counting
4
1
0
0
0
0
0
0
71
24
6
3
5
3
1
5
3
0
1
0
7
2
1
0
1
0
0
0
0
0
2
4
10
9
6
2
6
4
0
6
0
0
0
0
0
0
0
0
0
0
0
0
0
0
1
0
2
10
6
0
0
7
0
0
23 round of counting
20343
8301
6514
7088
7904
6565
17958
14895
27202452
23872280
17324508
14042671
17690453
7822675
301411
24730472
2121302
3075594
13737153
16775443
27598864
3864824
27263830
2389084
2310683
454133
1639500
2072768
3828612
35061898
31651467
34115680
29456234
25745381
37848133
33591839
31391542
29502044
28950746
28041230
18056
8557
7748
9343
7169
6629
13039
14683
16250
21183
13504
8360
7061
24838514
28002465
15294980
9796589
23646334
23347948
600890
643647
22774047
15382490
115641
24 round of counting
0
0
0
0
0
0
0
0
201
151
102
91
109
48
1
168
47
50
83
87
171
32
180
14
13
3
8
12
20
174
177
177
174
195
178
175
174
171
171
174
0
0
0
0
0
0
0
0
0
0
0
0
0
107
108
111
68
174
168
5
6
145
91
3
25 round of counting
34470
2084
1730
2077
3541
2461
20047
18999
33542043
28188338
20250828
17998348
21502129
9733511
386517
31089452
30689520
30324351
30859849
27396254
28952055
5912226
33163950
2875353
2984818
545801
1935226
2767861
4581137
33086219
33206820
32786506
33175823
33497058
32995635
32985433
32934459
32516390
32061110
33139624
33417
3536
3288
6607
2462
2473
13314
20162
23661
29125
13219
4675
4353
26412272
18680723
19402948
12196571
30874204
30672649
1379336
1841134
27446100
18090304
1601175
26 round of counting
1654
233
170
187
335
185
1994
1526
3590803
3428847
2504441
2024716
2579032
1147893
47366
3574032
328412
480750
2117537
2596802
3867073
529320
3871825
344151
334461
68022
237153
303465
561996
5217750
4625739
5004919
4276631
3478899
5625650
4972542
4612087
4266546
4193175
4069921
1578
345
310
621
162
128
1082
1394
1561
2388
1215
354
204
3758219
4082459
2071141
1362631
3328521
3262684
85312
91238
3269362
2219928
13657
27 round of counting
82132
3656
3107
3640
6203
4305
33153
31215
54046069
39301238
28206559
25055405
30031458
13609384
586721
43261202
46723621
46024687
46063156
40643576
43862295
9469094
45865642
4096298
4242809
810072
2763851
3861807
6375379
46088421
46035419
45634800
45950846
50045235
46150029
45861248
45709298
45080891
44447415
45834535
78990
6211
5823
11611
4355
4378
22209
33692
38293
50568
22559
8180
7818
38912956
26638142
31289501
19740034
43264704
42760583
2035905
2672118
38057707
25135799
2205494
28 round of counting
18
21
18
21
43
24
363
353
1004003
855507
605091
528123
640253
279795
8319
917703
36039
47785
202189
235815
1003501
425757
964668
81227
84828
14517
51951
358431
358933
861673
914331
875163
927343
1001001
825023
883773
904707
906203
907587
944303
24
43
33
75
31
31
227
363
432
1333
192
63
93
338027
568403
577980
362101
916807
907732
416027
729315
791907
512403
1001001
29 round of counting
86133
2130
1934
2392
4251
2708
16245
18446
233575630
155813204
95228582
89097661
104970228
43604156
455672
175342691
3517822
4896793
35113064
39315773
179394176
37667467
195904558
12331461
12516141
1083672
6445296
9095701
16154074
140235654
162516734
150765499
165373474
230421732
138218198
150891381
158763830
161403706
164168748
174025055
73337
4360
3658
6603
3029
2909
13015
18643
22037
30152
12643
4976
5428
53442933
65416495
125562788
71199931
203482587
191105923
4168078
5851699
143349597
85998774
2804608
30 round of counting
0
0
0
0
0
0
0
0
0
0
0
0
0
0
0
0
0
0
0
0
0
0
0
0
0
0
0
0
0
0
0
0
0
0
0
0
0
0
0
0
0
0
0
0
0
0
0
0
0
0
0
0
0
0
0
0
0
0
0
0
0
0
0
0
31 round of counting
0
0
0
0
0
0
0
0
0
0
0
0
0
0
0
0
0
0
0
0
0
0
0
0
0
0
0
0
0
0
0
0
0
0
0
0
0
0
0
0
0
0
0
0
0
0
0
0
0
0
0
0
0
0
0
0
0
0
0
0
0
0
0
0
32 round of counting
0
0
0
0
0
0
0
0
0
0
0
0
0
0
0
0
0
0
0
0
0
0
0
0
0
0
0
0
0
0
0
0
0
0
0
0
0
0
0
0
0
0
0
0
0
0
0
0
0
0
0
0
0
0
0
0
0
0
0
0
0
0
0
0
33 round of counting
0
0
0
0
0
0
0
0
0
0
0
0
0
0
0
0
0
0
0
0
0
0
0
0
0
0
0
0
0
0
0
0
0
0
0
0
0
0
0
0
0
0
0
0
0
0
0
0
0
0
0
0
0
0
0
0
0
0
0
0
0
0
0
0
34 round of counting
0
0
0
0
0
0
0
0
0
0
0
0
0
0
0
0
0
0
0
0
0
0
0
0
0
0
0
0
0
0
0
0
0
0
0
0
0
0
0
0
0
0
0
0
0
0
0
0
0
0
0
0
0
0
0
0
0
0
0
0
0
0
0
0
35 round of counting
0
0
0
0
0
0
0
0
0
0
0
0
0
0
0
0
0
0
0
0
0
0
0
0
0
0
0
0
0
0
0
0
0
0
0
0
0
0
0
0
0
0
0
0
0
0
0
0
0
0
0
0
0
0
0
0
0
0
0
0
0
0
0
0
36 round of counting
0
0
0
0
0
0
0
0
0
0
0
0
0
0
0
0
0
0
0
0
0
0
0
0
0
0
0
0
0
0
0
0
0
0
0
0
0
0
0
0
0
0
0
0
0
0
0
0
0
0
0
0
0
0
0
0
0
0
0
0
0
0
0
0
