0 round of counting
45289
48906688
13591
12793
12811
12824
71895
72190
72310
72457
70293
70288
69380
30821133
31200347
38569662
38760635
48927121
19989
16113059
10871534
29029064
21706579
44287353
47977651
42205640
50068691
43700147
42868467
34413
45770960
37043114
37288842
36946089
43078855
1600803
1507020
37362316
12881
17946
32857
3473806
1 round of counting
36288
40469869
28512
19620
17907
17349
89997
85937
86018
85896
90899
88119
84571
37105118
36107226
45648073
44993068
57711309
30878
18465300
12132176
34042799
25946395
52378273
56930388
51364040
56968746
52857020
47980112
45252
53434738
44641776
44646900
43539837
49104967
1507007
1725402
45283484
20500
26277
44740
3446141
2 round of counting
1085
1617
1002
750
709
692
825
832
866
847
849
884
863
1187
1143
1166
1121
1170
881
1026
1013
1071
1470
1426
1157
1127
1168
1063
1107
853
1079
1084
1138
1100
1127
1014
977
1001
787
773
829
983
3 round of counting
1128
1650
1008
758
725
692
812
815
830
863
855
857
856
1167
1167
1227
1155
1128
885
1070
1010
1118
1085
1086
1145
1166
1231
1208
1097
865
1055
1098
1198
1091
1090
995
978
1087
928
812
833
971
4 round of counting
9
8
2
1
0
1
0
1
0
0
1
1
0
1
0
1
0
0
0
0
0
0
0
3
9
0
0
0
0
2
0
0
12
8
2
2
0
0
1
0
1
0
5 round of counting
1332
71545
1244
956
904
899
1175
1130
1155
1117
1180
1211
1195
445596
421562
552967
579887
765679
1158
32010
10818
308084
269239
669073
747137
569412
569616
536156
239946
1157
414184
444068
499971
406528
329373
2033
1993
526132
1058
1057
1127
4772
6 round of counting
10064
19769920
7031
6013
5831
5803
35347
34746
35044
35027
35777
34979
33957
17699337
17043959
21861851
21415661
27689930
9375
8445046
5747522
15963624
12170671
25102794
27343232
24408852
27340117
25001089
22774155
15932
25192893
21081377
21256007
20605460
23376470
719200
805294
21498263
6409
8299
15397
1651019
7 round of counting
2
6
0
0
0
0
0
0
0
0
1
0
0
1
0
1
0
0
0
0
0
5
1
0
0
6
9
0
0
0
5
0
0
0
0
0
3
0
0
0
0
0
8 round of counting
263
70090
273
207
214
221
292
295
296
293
291
285
306
445037
419744
553042
579392
764648
268
30826
9925
307773
268176
668179
745861
569204
600584
534261
239100
283
413255
443815
499225
407310
328080
935
957
525539
234
241
275
2468
9 round of counting
244
69808
299
231
233
224
306
323
312
320
315
294
289
445061
419677
552453
578501
764199
287
30970
9832
307663
267973
667943
745027
568589
568573
534182
238909
288
413439
443717
498284
406407
308180
1019
959
526705
247
258
298
2515
10 round of counting
0
0
0
0
0
0
0
0
0
0
0
0
0
1
0
0
0
0
0
0
0
0
0
0
0
0
0
8
7
0
1
0
2
0
0
0
0
0
0
0
0
0
11 round of counting
17927
20192502
15562
9352
8708
8496
47445
44716
44271
43415
46614
43967
43541
19379828
18455377
23762547
23119743
30183252
15670
9480768
6303749
17743694
13558542
27286680
29736690
26683058
29818503
27682819
25112060
23038
28086937
23340481
23252019
22510530
25695464
803992
899557
23520163
10543
12960
22525
1747450
12 round of counting
18100
19540209
11451
8983
8458
8363
46339
43930
43067
42613
46648
44409
44073
19364481
18531463
23769257
23116426
30190093
17167
9485555
6299978
17752231
13565345
27287561
29731706
26682206
29833938
27668281
25111299
22864
28097579
23334669
23251579
22517292
25694853
754526
898398
23529756
10295
13047
22429
1749337
13 round of counting
982
1437
934
679
655
616
740
762
744
726
762
732
758
1083
1053
1046
988
1035
786
905
890
930
971
974
996
1124
1109
1039
993
746
1160
1160
1008
991
996
891
839
966
721
680
738
896
14 round of counting
26958
46967348
16910
13997
13251
14375
101480
93157
91050
87441
93248
89036
87428
41462768
39736639
50786317
49442666
64086529
25733
21089556
14292470
38174641
28871361
58087570
63064658
57031038
64364993
59352328
55480636
40950
60756407
50377017
50109102
49194441
56250558
1755314
2023300
50688407
16057
20893
40465
4052306
15 round of counting
29074
47038671
18956
14856
15224
14327
92286
82590
91485
88391
91727
88894
88758
41585596
40084048
51262922
45760496
65626481
27530
21258888
14664199
38620930
29253113
58897491
64125024
57803010
65105437
59934746
55860002
41687
61343389
50920764
50770911
49746735
56715061
1764998
2025723
51367055
17367
22145
42829
4067766
16 round of counting
1282
74403
1366
936
952
868
1138
1132
1003
1281
1052
1152
1043
455683
425592
562805
586054
777400
1208
36315
15066
315322
271535
677703
753583
579793
575075
543742
246344
1137
421662
451156
503632
415774
336390
2435
2987
533164
1032
980
1016
4001
17 round of counting
10233
27438121
6399
5349
5475
5241
44600
43863
44846
44334
45074
44174
43316
21465568
21460720
27076439
26495741
34224691
9660
11662626
8022924
20524723
15416674
30897443
33795331
30490356
34658970
31662672
30473768
18099
32798909
27010699
26994127
26705150
30646600
1003756
1123218
26821118
5840
8425
18020
2322098
18 round of counting
10518
27717509
7214
5914
5794
5602
45552
44409
45163
44798
45570
44212
43325
22595677
21917220
27692488
26891572
35035605
10155
11690671
8033393
20826141
15659121
31562791
34359567
31071412
35280598
32221554
30696695
18074
33220841
27205486
27427748
27117996
30977864
995541
1125677
27737696
6030
8566
18275
2315850
19 round of counting
260
72684
284
230
224
235
291
326
282
296
323
303
297
449724
426273
561720
583448
770851
284
37177
19210
313320
271199
674234
751559
577582
572950
551035
242679
289
414025
445573
500707
438414
330738
1288
1225
533552
245
263
276
4588
20 round of counting
11
70
41
2
0
0
1
0
0
0
0
0
0
38
5
4
5
2
1
0
2
0
0
0
2
7
3
5
6
1
2
0
6
1
0
0
0
2
1
0
0
0
21 round of counting
41
9
79
24
4
4
2
1
3
4
4
3
0
7
8
3
10
7
2
5
4
1
1
1
1
1
2
1
1
0
2
1
1
1
1
0
1
0
0
0
0
1
22 round of counting
52
84
131
21
0
1
5
1
2
0
2
1
4
48
10
13
10
7
2
6
5
10
8
11
7
7
2
1
1
1
3
2
3
0
2
1
1
5
2
0
1
1
23 round of counting
17130
3852052
18364
9757
8751
8642
18455
17365
17022
16880
18076
18365
17987
4747565
4483308
5799197
5605532
7466206
11929
2125646
1352829
4336116
3353781
6721652
7339663
6634451
7202250
6804638
5850073
12618
6777226
5662076
5662809
5416361
6087711
156344
200164
5767090
9962
10216
13128
363248
24 round of counting
0
17
0
0
0
0
0
0
1
0
0
0
0
15
15
19
19
24
0
8
5
14
10
22
24
22
25
22
20
0
22
19
19
18
21
0
1
19
0
0
0
2
25 round of counting
2175
3272925
1769
1677
1677
1676
5924
5927
5912
5899
5827
5856
5837
2149817
2184837
2689902
2721292
3450687
2319
1110172
745473
2019906
1508210
3123758
3378128
2913706
3529583
3048741
2956994
3241
3167342
2548776
2576339
2514381
3010508
107464
104867
2546432
1655
2099
3150
234606
26 round of counting
493
473800
228
109
84
76
1325
1194
1110
1086
1257
1162
1098
575937
537722
701919
659903
872453
354
277758
181612
523745
401962
792386
864424
796568
861279
823460
734402
694
831907
706908
691908
671643
754620
19736
26200
707261
195
276
616
47730
27 round of counting
3811
5551526
3048
2889
2891
2892
10446
10476
10490
10500
10452
10443
10371
3509088
3553658
4387928
4410635
5565654
4023
1860725
1247344
3307370
2478500
5048947
5458205
4802849
5693521
4970370
4877059
5788
5206053
4212971
4241042
4198524
4905724
186972
176606
4245497
2857
3672
5640
401511
28 round of counting
1505
8527730
346
346
349
350
12482
12502
12525
12542
12076
12103
11983
5524034
5556899
6877403
6876316
8549037
1500
3062900
2028909
5167748
3883715
7795833
8397545
7506384
8729690
7780264
7677233
4705
8135542
6686365
6709311
6670792
7666519
299931
285043
6713569
347
1369
4435
648099
29 round of counting
3511
11149647
1536
1319
1471
1448
17979
17618
17261
16985
17704
17211
16925
9808565
9531077
12335559
12198705
15447165
3328
4727585
2867318
8838831
6852423
14119006
15218220
13598277
14956757
13694827
11856831
7244
13487752
11760646
11686706
11227965
12369092
367455
401877
12130106
1723
2972
7406
867720
30 round of counting
45
121010
8
8
8
8
381
381
381
381
382
380
385
100082
100080
121535
121531
121176
45
96698
39356
81259
65550
121136
121131
121147
121095
121182
121077
152
121060
121522
121550
121535
121058
6290
6305
121540
8
48
153
13022
31 round of counting
74
421633
15
15
15
15
705
705
705
705
673
691
680
289386
287873
357101
354997
418777
74
159383
111404
263747
198506
386153
414061
385806
427725
400363
401726
270
415065
355318
354671
355988
396718
16788
16078
355258
15
71
254
36484
32 round of counting
20
35420
4
4
4
4
140
140
140
140
140
140
140
29260
29260
35420
35420
35420
20
35420
12240
23940
19380
35420
35420
35420
35420
35420
35420
60
35420
35420
35420
35420
35420
1980
1980
35420
4
20
60
4004
33 round of counting
20
35420
4
4
4
4
140
140
140
140
140
140
140
29260
29260
35420
35420
35420
20
35420
12240
23940
19380
35420
35420
35420
35420
35420
35420
60
35420
35420
35420
35420
35420
1980
1980
35420
4
20
60
4004
34 round of counting
139
578063
27
27
27
27
1226
1226
1226
1226
1195
1211
1205
418728
417213
514056
511948
575373
139
291501
163000
368946
283436
542709
570612
542373
584240
556965
558223
482
571545
512260
511641
512943
553196
25058
24363
512218
27
139
467
53510
35 round of counting
0
0
0
0
0
0
0
0
0
0
0
0
0
0
0
0
0
0
0
0
0
0
0
0
0
0
0
0
0
0
0
0
0
0
0
0
0
0
0
0
0
0
36 round of counting
139
578063
27
27
27
27
1226
1226
1226
1226
1195
1211
1205
418728
417213
514056
511948
575373
139
291501
163000
368946
283436
542709
570612
542373
584240
556965
558223
482
571545
512260
511641
512943
553196
25058
24363
512218
27
139
467
53510
