0 round of counting
60865
22527
11896
13770
18195
18245
17458
18101
20009
18077
18077
36149
62196
37197
168951
104823
64159
185071
52101
42075
43028
19199
22521
22966
331151614
36661
53929
71252
71743
330191
201855166
203362914
199135120
193574276
195447138
199111347
199704976
199703184
200624168
205563679
33869
76010
33976
70541
36999
35685
36896
153199121
152972701
152323526
152739587
153560843
153802784
153677161
153617557
153988325
21853
21047
28396
76251
223028191
186846742
161773249
201374295
174139112
1955803
6229029
11767120
16815569
23519048
15985629
88093411
72985802
354984
265443976
636116
44687
67330
18479
43173
1 round of counting
64094
24867
17587
19193
24077
23475
23892
22668
24531
22891
22017
45999
80051
47293
228220
144575
83813
245048
59533
54474
52183
23725
26752
25932
357018368
59786
71743
96239
95446
494056
329272532
331657974
323880081
312592846
317559124
324947336
322721858
323285635
328585934
335015633
51375
98958
43055
90146
43044
39922
41020
189668144
189446101
188372320
189077428
189749440
190146952
190471892
190215122
192537803
36335
26376
33350
92191
361576874
297532255
263085484
322438119
283786703
2730074
8499420
15632471
22236752
34130906
24163351
130296327
106657941
478964
336274875
962134
60648
90072
24083
58765
2 round of counting
1033
816
639
670
704
701
694
681
814
702
691
801
908
819
1117
1009
1005
1081
924
886
866
762
842
755
9174
871
850
934
940
1347
9344
3615
7773
3131
7372
8332
4130
3926
6317
9762
1219
1012
819
962
862
864
848
9536
3529
7484
8762
9358
2829
8041
6526
8295
1182
720
794
960
8984
3288
4077
5838
6125
1555
2071
2565
2419
2946
2727
4710
4669
1358
7294
1369
894
935
757
974
3 round of counting
1200
894
645
669
712
721
690
688
748
683
673
776
894
798
1077
974
1058
1047
886
886
861
750
749
729
9073
908
874
920
963
1327
9133
7817
3255
3703
7852
9263
3920
8959
7026
3896
953
911
830
981
852
871
838
9227
9283
3387
7901
7081
3878
6912
7857
7667
869
765
824
1034
9039
3084
3864
5857
6328
1506
2290
2515
2798
3145
3286
3090
4610
1161
7366
1399
901
978
745
945
4 round of counting
11
4
0
0
0
0
0
1
0
0
0
0
0
0
0
0
0
0
0
0
0
0
0
0
0
0
0
0
0
0
0
3
1
10
12
1
2
0
1
1
0
0
0
0
0
0
0
0
0
0
3
0
0
0
0
0
0
0
0
0
0
1
0
0
1
4
0
0
0
0
0
0
0
0
0
0
0
0
0
0
5 round of counting
1283
1075
863
894
961
922
903
926
966
887
921
1000
1119
1042
1478
1258
1246
1329
1136
1110
1092
968
969
963
11560
1450
1093
1201
1226
1480
10830
9543
11545
6074
7201
10512
11181
5615
6840
9681
1166
1239
1038
1210
1086
1088
1055
11700
4536
9296
10104
5181
9166
8821
5420
8927
1066
934
1014
1214
11229
8336
5941
6394
59637
2048
2430
3199
3057
3364
3277
5446
5049
1434
10563
1849
1123
1167
977
1151
6 round of counting
12934
7203
5556
6214
7803
7670
7491
7313
8424
7354
7293
11886
17341
12247
35595
25210
18917
36687
14805
13829
13632
8206
9094
8988
28683319
12846
15582
19308
19270
59643
23285680
23459261
22883544
22204688
22417245
22934570
22906297
22846804
23284723
23637150
13686
21568
12432
20945
13484
13109
13010
16274288
16244621
16169312
16208343
16282562
16308854
16303456
16299697
16452556
9225
8798
11091
22258
25334121
21382176
18875444
23063988
20379968
280738
797270
1465910
2061333
2830110
2021679
10460448
8637589
62112
28932777
104979
13902
18435
7519
14470
7 round of counting
12
2
0
0
0
0
0
0
0
0
0
0
0
0
0
0
0
0
0
0
0
0
0
0
0
2
0
0
0
0
0
4
1
0
2
5
10
5
62
105
7
0
2
1
0
0
0
6
10
4
6
1
0
3
1
1
0
0
0
0
0
0
1
1
4
1
0
1
0
0
0
1
0
0
1
0
0
0
0
0
8 round of counting
245
226
212
211
220
212
215
217
210
210
216
215
225
218
270
226
246
232
226
227
226
227
226
220
2567
269
234
230
231
242
2625
2307
2536
1978
2478
2660
2537
2373
2846
2436
250
228
229
235
220
224
229
2160
1550
1761
1473
1764
1517
1633
1660
1650
230
223
220
236
2742
1840
1982
1995
56737
654
294
407
349
439
432
926
955
259
2375
253
245
221
234
253
9 round of counting
232
232
211
228
226
218
226
221
219
219
216
218
236
229
239
327
242
229
224
223
225
226
285
224
2586
247
233
236
337
254
2525
2478
2340
2213
2540
2356
2611
3162
2469
2552
269
239
226
246
228
239
226
1649
1490
1597
2158
1836
2851
1643
1753
1703
257
221
237
231
2655
2170
3014
2031
57351
285
338
386
381
478
400
876
999
337
2488
267
275
228
238
260
10 round of counting
1
0
0
0
0
0
0
0
0
0
0
0
0
0
0
0
0
0
0
0
0
0
0
0
1
0
0
0
0
0
0
3
0
0
0
0
0
0
0
0
0
0
0
0
0
0
0
0
0
0
0
1
0
3
0
1
0
0
0
0
0
0
1
0
0
1
0
1
0
0
0
1
0
0
2
0
0
0
0
0
11 round of counting
22191
10532
7749
8658
10620
10213
10159
9996
11003
9389
9444
17364
26110
17520
63216
42733
27573
63782
20185
19659
18467
10747
11646
11440
64376050
23476
24535
31684
31006
119145
68248499
68752223
66530047
64018964
65270407
66834758
66934715
66791372
68420589
69354494
18834
32344
16809
30046
17422
16917
16563
30738950
30651373
30473414
30603022
30709338
30816929
30809525
30766691
31545273
13003
11801
14402
31937
73701805
61756163
55476021
67292187
59757912
613070
1788107
3235797
4529688
7238438
5227081
27176651
22269753
113118
55859105
233558
21925
29670
10792
20937
12 round of counting
21079
10703
8088
8573
10424
10125
10386
10374
11049
9712
9640
16887
25710
17490
62414
42641
28004
64822
20079
19730
18665
10950
12130
11314
64368559
23287
24484
31007
30654
119106
68253486
68879656
66532362
63946152
65268632
66838657
67056857
66816769
68366235
69448810
22329
33223
17281
30473
17485
16804
16498
30737642
30671922
30467268
30606539
30715235
30808794
30822380
30768559
31539943
12667
11706
14383
31851
73704269
61768892
55678369
67518185
59842759
612082
1791110
3244328
4541158
7249767
5294619
27579033
22276777
113385
55983107
227372
21320
28885
10642
21474
13 round of counting
892
690
574
586
585
590
589
586
615
630
612
638
676
643
758
702
717
729
704
683
660
607
616
622
3490
1083
708
656
707
862
3151
3564
3611
3583
4173
3622
3372
3213
3707
3901
835
687
631
669
624
635
620
2919
3064
3144
3460
3643
3443
3452
3382
3615
1045
658
616
694
3167
3277
3234
3696
3872
1426
1211
1434
1516
1630
1544
2372
2242
857
3370
1077
698
713
613
711
14 round of counting
34261
17087
12538
14263
17427
17238
17407
16225
18440
16913
16334
29528
43827
29988
101177
70719
47086
103649
35929
33694
32824
18452
20623
20056
93744076
37275
42277
51879
51884
185188
92144735
92704959
89958730
86734489
88351343
90361223
90376945
90103039
92175568
93568593
35942
56481
29376
53785
31452
30435
29919
47612838
47422497
47213593
47410742
47589267
47727036
47718248
47661881
48599526
26285
20072
25194
56082
99578453
83667726
75061392
90985660
80465770
912720
2637411
4784603
6694720
10195712
7397444
38446577
31502378
181639
85980194
345009
35763
48180
17533
36434
15 round of counting
36238
18018
13526
15002
18625
18435
18018
17213
19130
17322
16875
30666
45524
32070
101784
71143
49656
105226
36621
34711
33557
19012
21127
20802
93741330
38204
42402
53267
52943
185178
92202753
92899986
90022064
86934982
88411141
90482135
90433248
90114714
92186662
93629559
33750
56815
30471
54319
32018
30871
30637
47590140
47503797
47218122
47418312
47594226
47733014
47733535
47680555
48532709
27950
20497
26016
57209
99582575
83585979
75070853
91132894
80518088
918267
2644597
4790310
6693846
10197874
7399744
38468282
31515924
187382
86213709
342743
37185
50045
19046
37063
16 round of counting
1175
932
749
803
819
818
805
814
826
788
816
838
903
872
1130
944
952
965
896
889
864
842
850
802
6255
975
939
940
933
1078
5554
5969
6335
6236
5879
5883
6971
5922
6550
6009
998
948
867
909
854
865
824
4639
5014
5339
4794
5426
5092
4768
4955
4849
920
798
845
906
6371
5577
5684
5787
60137
1478
1722
2254
1841
2132
2023
3702
4352
1168
6230
1660
954
971
861
980
17 round of counting
13539
6905
5096
6113
7788
7673
7460
7243
8082
7527
7245
12796
18859
12935
39698
27862
20476
40247
15963
14782
14839
8189
9379
9276
29358326
13118
17067
21242
21353
65287
23889859
23952321
23463041
22722438
22960771
23519970
23471699
23379716
23873163
24246551
13258
23977
13329
23234
14218
14073
14231
16871860
16846038
16746586
16817216
16889137
16921645
16914741
16908368
17072289
10080
8898
11621
24623
25882119
21825331
19318834
23578874
20700419
301851
848605
1541187
2157879
2965804
2133317
10890403
8993375
67933
30204494
116687
15413
20355
7719
15261
18 round of counting
13968
7365
5433
6286
8050
7826
7680
7552
8540
7648
7442
13071
19436
13405
40106
28438
21022
40754
16428
15166
15079
8481
9570
9630
29362879
13576
17410
21532
21762
65513
23886439
23973955
23465751
22738845
22965569
23521658
23451283
23396277
23858892
24252576
13983
24092
13464
23226
14404
14281
14246
16874250
16847516
16767322
16814341
16893643
16925418
16917684
16909944
17072606
9707
9072
11905
24886
25869601
21862799
19333701
23582225
20742133
301715
849090
1540429
2158844
2951251
2120943
10844669
8958309
68901
30298130
116356
15548
20611
7941
15710
19 round of counting
225
225
214
219
216
218
214
209
210
205
213
214
222
222
227
224
225
232
296
226
214
223
211
216
2448
253
226
219
241
258
2493
2369
2437
2289
2533
2158
2538
2225
2483
2378
231
223
225
230
222
229
219
1698
1465
1792
2687
1753
1480
1608
1695
1654
225
214
219
221
2755
2018
2100
1903
57083
300
288
357
379
466
395
1037
924
242
2583
489
234
234
243
258
20 round of counting
0
0
0
0
0
0
0
0
0
0
0
0
0
0
0
0
0
0
0
0
0
0
0
0
4
2
0
0
0
0
1
1
0
2
4
0
0
2
3
2
0
0
0
0
0
0
0
0
0
1
1
0
1
3
0
2
2
0
0
0
0
0
0
2
4
0
0
0
0
0
0
0
0
0
0
0
0
0
0
0
21 round of counting
3
1
0
0
0
0
0
1
0
0
0
0
0
0
0
0
0
0
0
0
0
0
0
0
2
3
0
0
0
0
2
2
4
3
1
2
5
4
1
1
0
0
0
0
0
0
0
1
3
0
1
3
47
45
6
15
1
2
0
0
1
6
9
8
11
4
0
6
5
1
2
0
5
4
9
21
0
3
1
5
22 round of counting
8
12
8
0
6
0
4
0
0
7
5
5
8
7
0
6
4
5
7
0
0
0
4
6
2
5
4
5
0
4
13
23
18
8
10
15
24
10
5
4
6
0
6
1
3
7
6
4
16
6
0
11
11
3
1
7
15
2
0
0
1
0
2
1
1
3
0
1
0
3
2
1
1
1
1
0
0
0
0
0
23 round of counting
13908
9618
7899
7874
8345
7948
8244
8143
8202
8067
8024
9514
10793
9555
17064
16180
11744
16576
9083
10103
9284
8444
8476
8101
593830
10932
10311
12260
11950
29015
12729685
12954801
12245678
11724955
11853617
12208903
12278272
12199315
12817694
12755365
11289
12357
9656
12205
9563
9299
8867
937761
1190979
1154343
1193454
888182
909836
921481
901222
1215751
9771
8759
8848
11835
14097228
11080466
10337550
12092574
11292124
99699
228974
365789
483331
1056610
852951
4364577
3193757
24086
2742683
49597
11289
12219
8836
11187
24 round of counting
0
0
0
0
0
0
0
0
0
0
0
0
0
0
0
0
0
0
0
0
0
0
0
0
149
0
0
0
0
1
137
138
136
130
133
136
135
135
137
140
0
0
0
0
0
0
0
79
79
79
79
80
79
80
79
80
0
0
0
0
151
125
110
135
118
1
4
6
10
14
10
55
44
0
141
1
0
0
0
0
25 round of counting
3627
1944
1462
1693
2167
2161
2065
2101
2409
2127
2113
3614
5481
3737
11970
8186
5868
12417
4908
4229
4375
2490
2823
2845
13631136
3759
4967
6211
6396
20299
9310452
9364081
9172736
8929738
9037663
9232047
9174323
9212705
9256995
9479928
3837
7055
3885
6865
4384
4292
4324
8116532
8101916
8068382
8089651
8132691
8142747
8139312
8133912
8157854
2713
2589
3467
7548
10476310
8850575
7600333
9447581
8197626
103870
312853
588695
832222
1122176
779845
4191910
3469011
21816
13249043
36660
4304
5889
2174
4279
26 round of counting
470
136
102
109
141
128
131
89
114
105
90
278
461
284
1184
829
451
1127
260
316
252
131
129
100
60498
519
437
581
552
2561
1677647
1694107
1623921
1538423
1587993
1638564
1624795
1624210
1678763
1714756
490
649
274
559
237
212
211
107882
106087
101363
106709
105355
105680
108022
105106
148713
173
138
192
481
1792355
1467077
1374532
1611322
1475246
11501
29757
48431
65737
138048
111159
546799
436051
1943
348205
4891
369
516
142
407
27 round of counting
6448
3326
2546
2927
3722
3689
3570
3657
4107
3678
3625
6414
9991
6632
23111
15080
10535
24801
8816
7377
7632
4216
4778
4823
40062432
6561
8765
11166
11339
39684
21727257
21932011
21373464
20781980
21011287
21372512
21610642
21573327
21579657
22150600
6584
12471
6633
11983
7387
7218
7313
15697886
15672106
15598927
15643755
15737650
15762758
15747371
15745834
15793141
4605
4411
5873
13115
23976270
20224859
17511687
21860717
18866633
224362
700539
1322906
1878714
2619149
1769837
9765778
8108111
43242
28109267
74433
7544
10481
3722
7468
28 round of counting
9623
1131
1051
1091
2293
2375
2010
2374
2289
2334
2374
9543
21619
9729
79786
44996
21191
91517
16385
11053
11053
1047
2011
2372
210311106
9121
17606
26194
25840
177832
122653485
123617904
120917573
117600766
118563577
120843181
121571099
121432782
122054098
124888012
6338
25649
6398
21743
6179
5356
6340
95760134
95625966
95246185
95497856
95980097
96129609
96055306
96006858
96186024
2050
2050
3458
23727
134920923
113397759
98408698
122453012
105815914
1186495
3868368
7367878
10554385
14603605
9890002
54729134
45393859
194729
166318774
362085
13480
25298
2374
12311
29 round of counting
11971
2548
1685
2423
3934
3319
4004
4095
4191
3584
3340
11723
23648
12218
76511
48276
24031
84689
16942
13599
13830
3384
4543
5071
127250689
11480
20628
28886
28800
183394
117519956
118599947
116758158
112776145
113736886
116706774
114888105
115828969
117854140
119720125
8921
29744
9300
26401
9488
8075
9631
76123851
75916035
75525652
75835081
76134665
76344663
76355790
76201648
76826432
4711
4775
6690
26963
129990309
105163225
92680586
113250983
100107825
975494
3062493
5626725
8043331
11995239
8432577
45480420
37333341
174129
133380678
343887
15806
26921
3315
14610
30 round of counting
1547
165
137
151
334
362
310
362
334
348
362
1545
3531
1569
12676
7360
3495
14826
2668
1796
1796
137
304
362
32574988
1485
2906
4243
4179
29118
18655564
18794702
18398394
17910612
17997118
18368716
18506802
18465222
18609750
18980304
991
4221
999
3573
965
849
1015
14823860
14803100
14746442
14783528
14853056
14876144
14866288
14857194
14853474
324
324
542
3837
20355888
17054019
14871845
18451439
15948129
183833
596610
1132237
1621498
2240719
1513980
8328123
6919963
30748
25502302
57715
2178
4041
362
1996
31 round of counting
2174
233
199
216
478
512
431
512
478
495
512
2163
4978
2185
18106
10333
4909
21216
3792
2508
2508
199
426
512
48654960
2064
4059
5964
5865
41018
27408726
27627125
27011313
26283695
26457342
26979215
27209473
27152911
27306245
27903345
1375
5893
1387
4963
1362
1193
1425
21742064
21711710
21627685
21683111
21788639
21822134
21806183
21794685
21799439
448
448
756
5364
30009873
25198081
21932609
27261479
23549750
261284
853043
1617818
2316888
3251953
2189741
12102794
10042335
43465
36347527
81456
3058
5635
512
2794
32 round of counting
86
9
5
7
18
22
21
22
18
20
22
90
193
82
475
449
198
647
148
112
112
5
19
22
138484
91
191
242
244
1647
369713
363447
377118
373458
344595
368869
353235
349464
391939
365313
47
261
47
219
53
49
59
306727
306162
305419
305619
304941
305746
306493
305044
301494
23
23
36
154
339793
223734
224672
245974
220768
4118
10842
16803
24443
36426
25237
106614
92510
1198
608679
2238
134
210
22
128
33 round of counting
86
9
5
7
18
22
21
22
18
20
22
90
193
82
475
449
198
647
148
112
112
5
19
22
138484
91
191
242
244
1647
369713
363447
377118
373458
344595
368869
353235
349464
391939
365313
47
261
47
219
53
49
59
306727
306162
305419
305619
304941
305746
306493
305044
301494
23
23
36
154
339793
223734
224672
245974
220768
4118
10842
16803
24443
36426
25237
106614
92510
1198
608679
2238
134
210
22
128
34 round of counting
3807
407
341
374
830
896
762
896
830
863
896
3798
8702
3836
31257
18142
8602
36689
6608
4416
4416
341
749
896
81368432
3640
7156
10449
10288
71783
46434003
46785274
45786825
44567765
44799055
45716800
46069510
45967597
46307934
47248962
2413
10375
2433
8755
2380
2091
2499
36872651
36820972
36679546
36772258
36946636
37004024
36978964
36956923
36954407
795
795
1334
9355
50705554
42475834
37029126
45958892
39718647
449235
1460495
2766858
3962829
5529098
3728958
20537531
17054808
75411
62458508
141409
5370
9886
896
4918
35 round of counting
0
0
0
0
0
0
0
0
0
0
0
0
0
0
0
0
0
0
0
0
0
0
0
0
0
0
0
0
0
0
0
0
0
0
0
0
0
0
0
0
0
0
0
0
0
0
0
0
0
0
0
0
0
0
0
0
0
0
0
0
0
0
0
0
0
0
0
0
0
0
0
0
0
0
0
0
0
0
0
0
36 round of counting
3807
407
341
374
830
896
762
896
830
863
896
3798
8702
3836
31257
18142
8602
36689
6608
4416
4416
341
749
896
81368432
3640
7156
10449
10288
71783
46434003
46785274
45786825
44567765
44799055
45716800
46069510
45967597
46307934
47248962
2413
10375
2433
8755
2380
2091
2499
36872651
36820972
36679546
36772258
36946636
37004024
36978964
36956923
36954407
795
795
1334
9355
50705554
42475834
37029126
45958892
39718647
449235
1460495
2766858
3962829
5529098
3728958
20537531
17054808
75411
62458508
141409
5370
9886
896
4918
