0 round of counting
804801
48925
87159
199538
908943
45215
1642064
1641578
1641578
9049148
34256
183449
170959
5058820
1963943
19574585
83863133
38970
67441
71114
20682
168751
24551
34112
54857
112245
33835
77738
44256
36466
39966
73171
857821
298666
280655
116237
5844447
572497
84486
118114
138238
1045468
201165
38057
45135
14476538
1850079
173008
1298865
174523
1 round of counting
1247245
74855
141508
305098
1305300
72657
2494962
2492068
2493524
16662276
38308
261082
282486
7718156
2742376
29822732
155827297
43955
105929
97865
24126
250045
29823
33604
71990
144807
32728
113913
45061
37950
46407
110379
996768
437924
518541
193774
10149355
911271
114790
195048
224923
1502312
321850
36113
43419
25057336
2842205
260134
1420954
261077
2 round of counting
554
500
370
346
357
365
413
402
414
406
474
352
354
411
441
419
544
533
373
431
406
397
408
522
426
428
462
409
486
503
453
361
399
376
364
376
415
395
429
376
363
380
393
492
458
368
383
394
448
335
3 round of counting
543
497
378
363
373
349
422
410
406
437
497
531
782
501
438
417
397
420
368
418
446
385
379
486
393
419
460
396
470
451
424
354
422
414
353
351
392
388
418
344
368
435
380
478
508
369
396
359
404
359
4 round of counting
8
0
0
0
0
0
0
0
0
0
0
0
0
0
0
0
0
0
0
0
0
2
0
0
0
0
0
0
0
0
0
0
0
0
0
0
0
0
0
0
0
0
0
0
1
0
0
0
0
0
5 round of counting
818
719
597
566
589
556
647
621
636
725
680
582
551
650
648
749
1336
645
574
600
610
598
631
743
644
676
708
670
740
725
646
591
590
598
639
555
716
601
694
597
568
616
633
742
792
708
628
561
613
583
6 round of counting
844029
43544
83081
194627
862685
44938
1597148
1596785
1597017
9953211
16737
151552
181365
4919001
1859250
18722863
92202137
19108
65353
48380
10337
135570
12944
15682
35196
67107
15940
57471
21650
17370
23377
69064
519525
230921
283444
121155
5838482
507909
54295
117422
139182
790377
185758
17805
21061
14887194
1895229
167322
721573
165458
7 round of counting
0
0
0
0
0
0
0
0
0
0
0
0
0
0
0
0
0
0
0
0
0
0
0
0
0
0
0
0
0
0
0
0
0
0
0
0
0
0
0
0
0
0
0
0
0
0
0
0
0
1
8 round of counting
177
202
210
213
237
191
245
230
230
320
223
216
207
252
244
340
902
217
214
222
217
217
218
253
241
261
267
274
283
254
243
219
213
237
240
206
311
248
233
226
200
265
225
280
290
313
239
204
238
236
9 round of counting
202
214
212
287
203
200
240
238
243
326
233
218
216
255
241
372
914
228
221
227
242
229
232
278
251
272
270
250
276
259
244
218
266
233
225
199
321
228
234
223
209
281
223
292
289
354
222
212
285
226
10 round of counting
0
0
0
0
0
0
0
0
0
0
0
0
0
0
0
0
0
0
0
0
0
0
0
0
0
0
0
0
0
0
0
0
0
0
0
1
0
0
0
0
0
0
0
0
0
0
0
0
0
0
11 round of counting
398322
25085
52928
104932
377191
23209
739986
737657
737731
5634347
17847
79356
93999
2290181
811700
8976378
53096858
19556
36668
42663
10590
86892
12873
14755
31847
67163
14463
48422
20656
16629
19954
36646
415413
188228
209570
65648
3537864
371965
52925
68537
79503
638166
130557
16132
19469
8112419
891854
89036
646463
88446
12 round of counting
398036
25664
52552
100631
378390
23447
740667
738199
738327
5640918
17449
79217
94299
2290427
811781
8975632
53118399
20034
36848
42309
10723
86869
13005
14756
31799
66941
14507
48340
20516
16630
20179
36827
416162
188202
209166
65919
3538283
371611
53028
68854
79279
637586
130614
16375
19320
8114707
891388
89003
665420
88443
13 round of counting
504
433
351
361
388
374
399
382
408
510
412
362
355
412
389
562
1632
383
354
385
366
366
359
388
351
365
369
369
382
347
369
369
359
380
407
363
455
389
361
359
371
374
370
362
368
531
416
357
430
372
14 round of counting
1000656
54725
115667
243854
944412
52330
1826849
1823281
1822809
13158379
36333
191508
213968
5630101
2032202
21833006
123565218
41540
81735
90413
22038
195377
26525
33525
66922
136786
33018
100910
46336
37432
43078
82915
909145
384156
439922
146911
8003542
783011
107957
150710
176095
1324227
272792
36799
44747
19417512
2190428
206888
1551018
206845
15 round of counting
1000294
54979
115727
244119
943441
52053
1819900
1813933
1814147
13155706
37333
192595
214782
5617609
2005909
21807632
123547524
41999
81481
91372
22727
195932
26932
33873
66601
136591
33588
101417
47017
37879
43386
83118
918449
382672
437688
147437
8005039
783448
107722
151535
177144
1325275
273391
37366
45057
19417504
2190613
207084
1527240
206573
16 round of counting
749
647
550
519
566
552
635
618
640
830
626
545
544
664
604
865
2506
563
534
567
546
577
554
624
557
587
577
590
585
585
558
575
557
605
569
503
738
614
588
533
553
592
551
620
592
820
616
536
667
553
17 round of counting
600164
29687
62875
138432
565812
28822
1084991
1083552
1083334
7530075
19503
112654
120079
3342594
1216168
12859638
70556344
22236
45080
48015
11525
109497
13901
18594
34750
70803
18712
53235
26288
20919
23555
46044
501914
196297
230641
81557
4466203
411657
55650
82601
96803
687335
142303
21267
25241
11306543
1299771
118083
877374
118075
18 round of counting
601594
29694
63087
135156
566573
29084
1083356
1081674
1081585
7547495
19658
112386
120398
3336881
1209580
12851599
70720000
22570
45075
48025
11966
109840
13999
18924
34802
70172
18921
53132
26510
21419
23958
47093
492075
196302
229970
83529
4468359
411756
55747
83217
96909
687299
142569
21711
25774
11303216
1300050
118311
895164
118233
19 round of counting
208
182
188
189
204
178
211
207
214
293
213
213
190
230
217
336
854
197
186
206
202
204
194
239
216
261
222
216
234
216
218
204
197
233
189
176
281
214
208
188
186
238
198
235
234
297
209
189
214
214
20 round of counting
0
0
0
0
0
0
0
0
0
0
0
0
0
0
0
0
0
0
0
0
0
0
0
0
0
0
0
0
0
0
0
0
0
0
0
0
0
0
0
0
0
0
0
0
0
0
0
0
0
0
21 round of counting
1
0
0
1
0
0
0
0
0
0
0
0
0
0
0
0
0
0
0
0
0
0
0
0
0
0
0
0
0
0
0
0
0
0
0
0
0
0
0
0
0
0
0
0
0
0
0
0
0
0
22 round of counting
0
0
0
0
0
0
0
0
0
0
0
0
0
0
0
0
0
0
0
0
0
0
0
0
0
0
0
0
0
0
0
0
0
0
0
0
0
0
0
0
0
0
0
0
0
0
0
0
0
0
23 round of counting
99916
9912
13855
19582
122479
8046
169143
168256
168014
1330144
8675
19803
19215
507055
156882
1989267
12392279
8525
10341
13073
6372
21461
6787
7216
10454
17528
6685
16365
8250
7231
8123
9916
67490
40918
50648
15612
787217
76284
15279
16251
17882
124841
29058
6742
7675
1924973
206761
18495
138997
19788
24 round of counting
0
0
1
0
0
0
1
2
1
7
0
0
0
3
1
12
65
0
0
0
1
0
0
0
0
0
0
0
0
0
0
0
1
0
0
0
5
0
0
0
0
1
0
0
0
11
1
0
1
0
25 round of counting
98347
5779
11130
24959
116907
5889
207951
207955
207955
1148799
3308
23585
21797
643993
252344
2507471
10639204
3897
8691
8259
2526
21462
3030
3964
6775
13029
4154
9972
5032
4098
4984
9406
98260
37783
36261
14975
759228
72763
10105
15250
17919
128900
25906
4548
5266
1843402
235586
21707
95316
21900
26 round of counting
6983
484
1088
2073
5298
412
12770
12678
12691
136700
399
1205
1879
40037
11176
162107
1306160
433
668
1032
191
1937
241
257
712
1769
223
1175
403
303
358
695
7569
4733
5243
1421
83195
9026
1360
1468
1714
15843
3123
258
349
189038
15539
1726
16986
1716
27 round of counting
148202
9021
17338
39717
181870
9155
318869
318877
318877
1758780
6451
37275
33190
990601
393874
3883673
16271730
7582
13787
14492
4724
34773
5530
7450
11911
23191
7874
17257
9535
7857
9045
14927
174742
61911
57039
22915
1198078
114823
17885
23438
27748
214851
41461
8615
10077
2833540
362394
34688
205353
35138
28 round of counting
191772
5412
10902
24078
205302
5652
384216
384216
384216
2154000
1830
38214
24078
1184904
428232
4516824
20024178
2502
7938
8412
366
31392
1182
318
4860
8982
384
10224
1068
948
1806
8730
80922
36774
43536
16158
1276662
72900
8826
16140
18282
118656
25164
330
654
3411696
431448
20256
124392
20256
29 round of counting
549151
32313
58077
141286
582894
34119
1242203
1242759
1242950
7603156
8479
120329
135606
3856704
1336077
14657675
70839362
11047
47066
29803
3995
109397
6600
6617
20147
42968
6786
36482
10095
8487
12613
51320
382719
154637
201552
89718
4477971
353518
33685
87783
100913
555236
122128
7599
9615
11660061
1287493
121444
457767
122537
30 round of counting
0
0
0
0
0
0
0
0
0
0
0
0
0
0
0
0
0
0
0
0
0
0
0
0
0
0
0
0
0
0
0
0
0
0
0
0
0
0
0
0
0
0
0
0
0
0
0
0
0
0
31 round of counting
0
0
0
0
0
0
0
0
0
0
0
0
0
0
0
0
0
0
0
0
0
0
0
0
0
0
0
0
0
0
0
0
0
0
0
0
0
0
0
0
0
0
0
0
0
0
0
0
0
0
32 round of counting
0
0
0
0
0
0
0
0
0
0
0
0
0
0
0
0
0
0
0
0
0
0
0
0
0
0
0
0
0
0
0
0
0
0
0
0
0
0
0
0
0
0
0
0
0
0
0
0
0
0
33 round of counting
0
0
0
0
0
0
0
0
0
0
0
0
0
0
0
0
0
0
0
0
0
0
0
0
0
0
0
0
0
0
0
0
0
0
0
0
0
0
0
0
0
0
0
0
0
0
0
0
0
0
34 round of counting
0
0
0
0
0
0
0
0
0
0
0
0
0
0
0
0
0
0
0
0
0
0
0
0
0
0
0
0
0
0
0
0
0
0
0
0
0
0
0
0
0
0
0
0
0
0
0
0
0
0
35 round of counting
0
0
0
0
0
0
0
0
0
0
0
0
0
0
0
0
0
0
0
0
0
0
0
0
0
0
0
0
0
0
0
0
0
0
0
0
0
0
0
0
0
0
0
0
0
0
0
0
0
0
36 round of counting
0
0
0
0
0
0
0
0
0
0
0
0
0
0
0
0
0
0
0
0
0
0
0
0
0
0
0
0
0
0
0
0
0
0
0
0
0
0
0
0
0
0
0
0
0
0
0
0
0
0
