0 round of counting
50677
14018
7318
11592
17206
60574
49460
214915
406442
7810
156662
4750041
7239831
5169285
8949351
7904163
10048650
8836939
4449365
4314063
4312929
4314066
4312930
41795
8295
22064
42184
110805
28725
107912
1 round of counting
68003
25192
12151
14885
19280
48256
44174
143510
269830
13178
109572
3251471
4969664
3581438
5647865
5160083
6187529
5507944
3002597
2951313
2953317
2933892
2935068
33803
13286
21925
38755
82962
28740
84349
2 round of counting
748
591
385
417
483
425
544
613
691
433
564
956
4389
1596
1785
1949
3137
1092
627
659
598
524
584
428
464
484
511
583
525
559
3 round of counting
758
537
364
423
465
373
535
598
789
430
589
890
7510
1475
3033
2305
8225
1205
620
606
572
574
539
459
486
446
520
561
535
659
4 round of counting
6
1
0
0
0
2
0
0
0
0
0
0
2
0
0
0
0
0
4
1
0
0
0
0
0
0
0
0
0
0
5 round of counting
958
744
542
623
659
595
750
1039
1147
658
832
6056
12589
7942
16172
10247
18330
6907
3897
3760
3713
3901
3736
803
648
614
689
809
717
835
6 round of counting
11843
6380
3829
5356
7347
23202
19861
78080
144040
4048
57865
1772868
2807232
1940952
3281017
2919485
3621890
3172091
1615146
1567111
1567082
1567880
1567156
15900
4015
9096
17246
41010
11997
41949
7 round of counting
5
1
0
0
0
0
0
0
0
0
0
6
0
0
0
0
1
0
0
0
0
0
1
0
0
0
0
0
0
0
8 round of counting
194
163
157
158
175
193
205
381
452
173
342
5289
10346
5968
13669
7963
13591
4917
3125
3567
3389
3451
2967
343
178
163
195
238
200
239
9 round of counting
200
175
156
169
192
193
218
416
454
183
274
5754
10060
5871
13591
7856
13566
4926
3510
3293
3167
3067
3133
348
177
171
206
254
212
261
10 round of counting
0
0
0
0
0
0
0
0
0
0
0
0
0
2
0
0
0
0
0
0
0
0
0
0
0
0
0
0
0
0
11 round of counting
15837
8600
5329
7014
8763
19247
19816
62135
120755
6470
47915
1262283
2177171
1451020
2463961
2291782
2696205
2418992
1139861
1088769
1087776
1080080
1087516
14659
6382
10953
18299
38568
14059
37108
12 round of counting
15812
8683
5437
7034
8774
19190
19563
62309
120581
6141
48183
1262477
2165873
1453336
2458324
2280974
2684969
2409945
1131585
1082333
1081673
1079871
1081461
14578
6452
10917
18195
38283
14090
36501
13 round of counting
631
457
379
432
428
418
475
484
551
407
460
685
794
687
1249
861
1267
769
533
481
491
486
469
397
429
413
457
484
464
447
14 round of counting
27728
14564
8578
11912
16278
47520
42530
155952
296542
9442
116884
3547247
5720022
3966106
6596136
5999050
7222314
6445810
3249982
3131910
3130505
3127279
3130072
33014
9900
20068
38071
87440
26880
88044
15 round of counting
29057
15505
8965
12401
16708
47956
42973
155931
297191
9855
118439
3560302
5725650
3972032
6601796
6004064
7237800
6451964
3252298
3148785
3141009
3130044
3140784
33259
10030
20594
38428
88075
26810
88940
16 round of counting
858
626
536
565
610
557
685
821
960
577
718
5750
9039
5380
12202
6781
11977
3833
2614
2455
2400
2292
2662
698
629
593
625
742
649
694
17 round of counting
12775
6237
3521
5120
7638
28688
23034
93861
176362
3515
69979
2293219
3531157
2500760
4128074
3695459
4534691
4031591
2110275
2049045
2048361
2048015
2048434
18676
3378
9560
20007
50133
12915
51909
18 round of counting
13090
6397
3664
5303
7822
28802
23367
94114
177831
3661
71653
2300547
3551692
2505330
4141089
3711250
4629587
4038884
2112535
2054324
2053108
2049686
2052779
18973
3671
9806
20491
50387
13189
52472
19 round of counting
184
162
157
155
165
177
319
332
435
177
242
4046
8068
4537
11108
6179
10771
3407
2069
1984
1815
2201
1940
216
162
162
185
281
190
230
20 round of counting
0
0
0
0
0
0
0
0
0
0
0
0
0
0
0
0
0
0
0
0
0
0
0
0
0
0
0
0
0
0
21 round of counting
0
0
0
0
0
0
0
0
0
0
0
0
0
0
0
0
0
0
0
0
0
0
0
0
0
0
0
0
0
0
22 round of counting
0
0
0
0
0
0
0
0
0
0
0
0
0
0
0
0
0
0
0
0
0
0
0
0
0
0
0
0
0
0
23 round of counting
12702
7602
5657
6253
6755
6160
8052
10227
16052
6395
9577
31565
141762
64991
114387
133042
110310
96398
13456
14873
13231
9728
13115
6480
6718
7140
7889
9564
7635
8776
24 round of counting
0
0
0
0
0
0
0
0
0
0
0
1
2
2
2
2
2
3
1
1
2
1
1
0
0
0
0
1
0
0
25 round of counting
3425
1897
1023
1584
2317
8108
6407
25839
49825
1073
19152
645659
894989
692832
1049245
956858
1173503
1060006
606742
566618
566240
566619
566241
5166
1068
2961
5510
14116
3718
14219
26 round of counting
359
157
81
110
118
137
294
485
1194
105
469
2717
18147
7961
12858
16682
13250
11806
665
342
332
211
303
135
110
158
296
453
259
413
27 round of counting
6192
3475
1781
2858
4187
14193
11588
52472
100729
1988
38987
1124674
1767192
1236037
2219804
1963471
2509350
2222418
1054876
997991
997474
997990
997475
10622
1958
5474
9984
26404
6777
25472
28 round of counting
55
12
3
9
48
69
114
640
493
6
168
6284
8303
6390
10914
7114
12517
6189
5889
5889
5889
5889
5889
43
6
30
79
140
58
193
29 round of counting
3459
1375
1083
1433
2222
13177
8695
36360
61252
848
26759
1115696
1443139
1131305
1647201
1438201
1833090
1548745
1052117
1083321
1082568
1083310
1078872
6687
788
2195
6916
17060
4033
21378
30 round of counting
0
0
0
0
0
0
0
0
0
0
0
0
0
0
0
0
0
0
0
0
0
0
0
0
0
0
0
0
0
0
31 round of counting
0
0
0
0
0
0
0
0
0
0
0
0
0
0
0
0
0
0
0
0
0
0
0
0
0
0
0
0
0
0
32 round of counting
0
0
0
0
0
0
0
0
0
0
0
0
0
0
0
0
0
0
0
0
0
0
0
0
0
0
0
0
0
0
33 round of counting
0
0
0
0
0
0
0
0
0
0
0
0
0
0
0
0
0
0
0
0
0
0
0
0
0
0
0
0
0
0
34 round of counting
0
0
0
0
0
0
0
0
0
0
0
0
0
0
0
0
0
0
0
0
0
0
0
0
0
0
0
0
0
0
35 round of counting
0
0
0
0
0
0
0
0
0
0
0
0
0
0
0
0
0
0
0
0
0
0
0
0
0
0
0
0
0
0
36 round of counting
0
0
0
0
0
0
0
0
0
0
0
0
0
0
0
0
0
0
0
0
0
0
0
0
0
0
0
0
0
0
