0 round of counting
749051
2091963
2487440
732700
733161
735562
731222
2180455
6869193
10566749
10624125
5539709
7465504
8905731
5520061
14007913
4001837
15619859
13300203
1050071
133265621
2368707
4058991
7413532
18863026
46686226
66015551
4191547
7619693
22367592
37972353
55820652
117726965
7891521
24441167
46811594
75629896
105242379
151082879
152444532
153117996
1 round of counting
600758
1345987
1820502
578255
577582
580591
575498
1455385
5311412
9838155
9130030
4515789
6649278
7917680
4408492
13456049
3442817
14940767
11242952
788359
101114757
2083453
3912675
7309350
18908814
47243855
67936660
4007045
7649786
23392677
40447529
59986449
125445869
7050652
22570215
44036693
68501025
98507571
141911483
140097158
141894518
2 round of counting
399
373
345
312
290
302
323
330
325
357
399
343
339
394
361
358
399
376
356
459
505
401
392
369
412
391
438
439
471
342
394
383
457
426
364
429
537
397
498
394
476
3 round of counting
410
420
355
322
316
337
301
310
352
379
351
358
357
370
336
373
375
377
354
419
819
500
388
382
391
444
446
419
463
376
361
409
406
415
425
364
471
557
588
434
474
4 round of counting
51
9
5
4
2
2
1
1
3
2
2
3
3
4
1
3
2
2
4
4
3
6
4
3
3
2
5
1
5
4
5
4
3
2
1
2
2
3
3
6
4
5 round of counting
20024
44390
131188
21280
20993
21395
20891
64839
283125
506465
568795
250065
387322
432136
246415
717648
169563
787079
641054
21326
5205290
69607
150200
314838
909568
2325269
3111096
136474
289818
944544
1694384
2501841
5122817
275567
963116
1884079
2997090
4195770
5868592
5886216
5961988
6 round of counting
233689
651226
996302
230358
230114
231564
228388
731797
2474124
4502368
4408716
2163437
3189885
3683770
2116365
6190061
1640712
6865137
5261780
345702
48163702
967651
1730747
3246967
8464112
21077886
29659167
1750423
3305726
9908470
17388287
25713232
53652135
3149599
9941045
19154126
30219430
42853387
61717137
61150970
63189700
7 round of counting
1401
59
48
26
14
24
18
24
24
25
25
17
26
47
24
22
18
12
17
20
36
38
21
18
24
25
28
26
28
34
35
63
422
343
60
55
33
41
40
44
57
8 round of counting
19744
44057
130877
21066
20848
21107
20670
64574
283177
505458
568835
249609
387258
432647
246407
717883
169175
786588
640617
21103
5205519
69484
149643
314363
908928
2325275
3111644
135952
289531
944615
1694209
2501619
5123661
275145
962814
1883499
2997340
4195954
5872826
5886206
5966555
9 round of counting
20957
44028
130988
21079
20889
21170
20775
64568
283202
506435
568330
249761
386907
430810
246253
717564
168975
787093
640231
21082
5206014
69561
149792
314385
908807
2326062
3111383
136175
289366
944457
1694272
2501277
5123737
275040
962399
1883975
2998203
4195361
5868863
5886518
5960692
10 round of counting
840
115
17
21
17
23
10
20
28
27
29
28
19
27
25
29
29
16
25
21
62
61
24
17
31
31
25
14
25
18
26
28
25
28
25
33
30
38
230
50
29
11 round of counting
151185
568258
687041
150255
150204
150653
149518
597892
2150523
4445197
3787013
1892564
2900949
3495689
1806882
6216099
1519582
6780106
4763778
224607
37886348
943667
1846254
3476986
8858200
22367419
32552537
1877044
3699886
11336104
20097789
29962835
62830073
3179457
10465015
20598056
31209904
45855909
67107959
65034508
66245166
12 round of counting
151215
567113
687204
150321
149984
151067
149386
597996
2151077
4441386
3786735
1891956
2904178
3489460
1806827
6216566
1520439
6779209
4761782
224738
37887759
942893
1845929
3477372
8858499
22372468
32553391
1875914
3699674
11333854
20095734
29960935
62834037
3179535
10466316
20278103
31211538
45861320
67113863
65023921
66244694
13 round of counting
382
379
325
326
311
282
310
310
329
366
360
326
320
338
334
355
310
340
341
307
417
317
312
356
354
374
423
352
353
353
368
353
409
372
363
371
421
425
525
902
514
14 round of counting
348660
1169500
1364361
346341
346618
348361
345310
1220581
4043290
7870548
6808496
3487558
5180739
6231236
3364978
10864971
2803974
11900898
8576775
563736
77690197
1802793
3359347
6173162
15494974
38451957
56387147
3489484
6688677
20009330
35284073
52477423
107104114
6034806
19301194
37637350
57773822
84173758
122727708
119369720
119619881
15 round of counting
354807
1197559
1475051
353213
353594
354826
351867
1265769
4309962
8346029
7348152
3714420
5540277
6643146
3588264
11551669
2952212
12663252
9182679
570816
82872055
1857755
3492756
6470284
16390860
41126599
59485644
3611518
6966644
20948008
36968835
54934285
114751916
6302379
20253314
39514127
60767844
88359731
128593343
125565559
125577073
16 round of counting
5757
28368
111068
6724
6627
6805
6471
45886
259264
480667
533086
226402
362885
408482
223497
691391
147747
772484
602356
6771
5190708
55183
135530
300465
895001
2285794
3096652
121912
275051
930053
1679865
2486630
5108936
260962
948239
1869271
2982993
4181406
5853805
5871704
5946730
17 round of counting
198214
601744
677212
196445
196786
197481
196130
621542
1896819
3429468
3027862
1597680
2274936
2739729
1559379
4641935
1284402
5110247
3817716
339244
39800081
860494
1511986
2691752
6638845
16469657
23835537
1612586
2989996
8680124
15187371
22489259
46810634
2862543
8843731
17044078
26576471
38627667
55616233
55019941
55729042
18 round of counting
203328
629715
787824
203081
203154
204151
202333
667307
2155599
3909759
3561308
1823722
2636940
3148494
1782181
5334239
1431941
5885730
4419738
345819
45007188
916146
1647882
2994217
7537640
18764448
26934774
1734093
3265519
9608941
16866743
24986826
51938920
3118570
9785129
18909774
29559394
42507151
61450119
60884797
61673916
19 round of counting
5144
28050
110738
6480
6311
6548
6133
45688
259096
479828
532616
226152
362637
408813
223360
690686
147367
772481
601734
6481
5190354
54839
135237
300126
894477
2286184
3095319
121500
274926
929641
1679901
2485907
5108826
260639
948122
1869215
2982646
4180875
5853686
5871221
5945465
20 round of counting
8
1
0
0
0
0
8
11
0
0
0
0
0
3
0
1
0
3
0
0
2
0
0
0
2
3
3
0
0
0
0
3
17
8
3
3
1
2
3
2
1
21 round of counting
0
0
0
0
0
0
0
0
0
0
0
0
0
0
0
0
0
0
0
0
0
0
0
0
0
0
0
0
0
0
0
0
0
0
0
0
0
0
0
0
0
22 round of counting
10
1
0
0
0
0
0
0
0
0
0
0
0
1
0
0
0
3
0
0
2
0
0
0
3
3
3
0
0
1
19
10
2
1
2
3
2
2
5
2
3
23 round of counting
7956
13286
11521
6736
6325
6249
7832
11718
58343
412395
211104
97404
220569
271098
77134
598026
122731
628634
254284
6604
445195
91644
208442
388130
950693
2490640
3816040
231791
479349
1543541
2820581
4258065
8666354
350839
1224528
2532043
3444207
5558015
8610208
7635495
7926884
24 round of counting
0
1
1
0
0
0
1
0
3
4
4
2
2
4
2
5
2
6
5
0
43
1
2
3
8
19
29
2
3
10
17
25
52
3
10
18
29
41
60
59
60
25 round of counting
43049
219545
258817
43066
43133
43415
42902
228132
773846
1133336
1178550
605898
805298
963353
608009
1501498
418962
1677689
1493062
82206
12202517
231645
403744
763825
1993601
4936775
6955700
400209
736515
2187631
3699082
5448965
11550128
728449
2253414
4303018
6975103
9613734
13856826
13945190
13953521
26 round of counting
371
1071
1085
329
324
328
318
1195
5736
60517
28446
13113
32182
38958
9617
89977
17822
94161
34014
348
54822
14414
32399
59634
144634
379056
575268
36215
74473
236626
435136
651587
1331369
53872
188759
392687
523066
857456
1279050
1174225
1218484
27 round of counting
44024
254345
294134
43951
44183
44631
43778
263207
1008443
1551431
1561761
783919
1065253
1298224
782002
2066749
540080
2313933
2006006
123963
19571970
289747
546314
1058743
2801938
7032427
10002906
567176
1079936
3287314
5594737
8263962
17550426
1122089
3563919
6861944
11125524
15447399
22216919
22414052
22467648
28 round of counting
32912
32912
32912
32912
32912
32912
32912
32912
32912
32912
32912
32912
32912
32912
32912
32912
32912
32912
32912
32912
32912
32912
32912
32912
32912
32912
32912
32912
32912
32912
32912
32912
32912
32912
32912
32912
32912
32912
32912
32912
32912
29 round of counting
342633
494459
848891
331010
330115
331759
328906
574138
2251054
3680842
3871662
1851828
2625033
3059537
1861627
4856478
1306775
5572955
4576149
396906
52402537
740853
1333485
2479990
6725378
16555695
23030000
1379297
2518138
7554951
12941443
20349031
39279494
2775433
8684523
16745662
27570937
38179774
53636152
54903481
55134530
30 round of counting
0
0
0
0
0
0
0
0
0
0
0
0
0
0
0
0
0
0
0
0
0
0
0
0
0
0
0
0
0
0
0
0
0
0
0
0
0
0
0
0
0
31 round of counting
0
0
0
0
0
0
0
0
0
0
0
0
0
0
0
0
0
0
0
0
0
0
0
0
0
0
0
0
0
0
0
0
0
0
0
0
0
0
0
0
0
32 round of counting
0
0
0
0
0
0
0
0
0
0
0
0
0
0
0
0
0
0
0
0
0
0
0
0
0
0
0
0
0
0
0
0
0
0
0
0
0
0
0
0
0
33 round of counting
0
0
0
0
0
0
0
0
0
0
0
0
0
0
0
0
0
0
0
0
0
0
0
0
0
0
0
0
0
0
0
0
0
0
0
0
0
0
0
0
0
34 round of counting
0
0
0
0
0
0
0
0
0
0
0
0
0
0
0
0
0
0
0
0
0
0
0
0
0
0
0
0
0
0
0
0
0
0
0
0
0
0
0
0
0
35 round of counting
0
0
0
0
0
0
0
0
0
0
0
0
0
0
0
0
0
0
0
0
0
0
0
0
0
0
0
0
0
0
0
0
0
0
0
0
0
0
0
0
0
36 round of counting
0
0
0
0
0
0
0
0
0
0
0
0
0
0
0
0
0
0
0
0
0
0
0
0
0
0
0
0
0
0
0
0
0
0
0
0
0
0
0
0
0
