0 round of counting
210672
95731
17548
3302
11003
11473
15202
13112
16841
12059
240297
39181592
38985217
304333141
314418773
295535023
300190789
374696980
375604703
1806783
32928481
1609865503
1697368916
1513542593
1575981612
762715388
1529700575
1528979133
1595880162
42066933
1514593027
1527205062
1636220709
1514597494
1523770310
1658462551
1720111710
1671236153
2179007308
1588964477
1805746049
1214830338
1696525152
1695858701
474893
475609
573069116
24452
12245
527038365
2222617
1210120
3813642
310286
2105498
1498202
3653661
826181
585113
788891
185592943
870809045
370097669
112828573
575625182
101665388
79553387
422248466
132743441
956615271
9791920
10039677
10484711
9231117
9141007
366322941
370752707
350939152
355921230
360699424
289801193
379392488
352243850
369029568
381733956
1 round of counting
134758
77545
22110
9751
17003
17065
19240
17319
19554
19062
165499
23853060
23660171
183581178
188870077
176275751
183328038
227457009
222621484
1607356
20414512
957543341
1016981918
850557824
906765796
429887666
892559672
861719827
927250559
24396808
849715301
860288050
967019824
849928800
858408985
972527472
1040751481
1010564638
1309380866
933261139
1094795804
720980893
1015534797
1026908502
625136
602711
337363460
39325
19143
309231786
1407485
761799
2378675
224948
1344945
958785
2312689
520597
370636
515152
108342693
529135325
224515744
68195114
334701646
60255532
47631563
252094519
76825564
562738057
5823561
6063082
6294462
5523888
5510635
212443677
215559393
203690238
206652467
209586069
169677387
221434249
204645973
214683559
221678021
2 round of counting
1101
1428
706
391
638
628
626
632
614
748
1188
13775
14848
89964
50133
74006
44949
121392
99187
23135
32679
308560
326582
337863
354932
166666
305262
357851
324877
16106
338301
307808
323835
314133
296732
304904
298982
312148
477665
306139
343206
241798
308462
324921
20615
21981
140028
609
530
75580
1630
1411
1943
1908
1734
2441
3455
1307
1457
2044
37786
172692
80449
26856
69268
28044
18030
91950
37693
163446
1970
3349
2962
2320
2585
63825
74681
69637
65146
34500
47088
66638
83799
90529
82612
3 round of counting
1332
1444
742
363
567
617
590
607
613
701
1208
34168
12059
76278
51495
49907
58405
96448
68496
24204
36123
357372
279628
314339
312539
130525
310795
370248
312706
15674
350224
302495
315648
285453
328224
288036
272677
273438
410107
265392
332046
232907
269680
290380
20267
20764
109668
753
554
72268
2456
1348
2072
1874
1795
2499
4004
2206
1646
1973
33601
178673
85310
22535
81006
20135
18859
66076
26384
214984
5040
6612
5054
2796
3657
51354
85501
57711
72459
50101
43187
89505
91190
85315
75219
4 round of counting
49
12
0
0
0
4
0
0
0
0
0
21
5
9
6
2
6
6
3
6
319
935
39
38
29
39
49
16
18
4
12
3
17
17
21
12
9
14
12
14
29
25
128
164
20
21
58
5
0
10
0
0
2
1
0
0
0
0
0
0
1
3
309
873
53
4
304
888
3
64
6
1
9
0
1
5
6
8
2
2
3
5
3
4
25
5 round of counting
1295
1769
894
561
761
839
827
821
856
992
2187
54152
67340
380352
471564
317723
448090
400206
438846
48635
79616
3399234
4436042
1370861
3302288
700679
3679336
1387905
3363597
260469
1415215
1870145
6223159
1416225
1672700
5845757
6330240
5489733
11432217
1525811
11211132
1308815
5967298
6340003
32447
31271
1366074
1006
808
915577
2521
2090
4430
2795
3539
4688
9950
2634
2386
3180
207260
2880253
1328880
190702
1685776
108394
234581
1011658
198509
1627839
9700
11176
13627
13188
9605
1118209
1238321
1082128
1062015
1062435
932502
1385265
954500
1159594
1246615
6 round of counting
66756
35879
8548
2390
5526
5759
7328
6151
7444
6260
89399
13637059
13659011
102651824
107610281
100621355
102765849
126944317
127580386
593756
11155497
550814927
583969993
502213868
532049878
253919566
520624426
507688005
541402103
14516306
502796209
508859843
566980761
502289129
506614232
571789473
600391923
581867638
764593402
535132283
646421286
416128151
589527212
592393916
233283
222928
196784242
10042
5063
179524990
788975
427217
1328988
115809
744701
540228
1296271
292562
208842
283664
62558778
303618976
128527075
38830211
197721652
34413885
28022545
145542143
45230184
325221290
3398358
3493101
3643318
3224170
3181066
126197487
127756059
120702284
122241205
123858142
100392474
131198591
120730509
127024658
131473559
7 round of counting
66
16
1
0
0
1
0
2
0
0
0
22
3
21
6
8
8
11
431
1328
155
275
1999
553
58
31
36
76
40
7
18
478
1581
65
137
86
58
70
63
57
200
79
50
68
5
1
25
0
4
10
2
0
2
2
1
11
26
4
1
3
13
23
14
8
7
412
1036
441
8
361
11
3
4
2
0
22
14
16
13
14
11
19
11
7
26
8 round of counting
287
342
216
177
209
221
213
204
218
272
399
45882
41420
274759
427206
261847
369316
319112
337380
24741
47036
3126757
4121495
1104431
2981529
561981
3421206
1106996
3056088
244412
1100762
1592483
5924532
1107673
1361694
5566763
6022116
5165781
10977731
1234372
10855423
1085216
5651665
6011400
11765
10678
1261885
383
266
841405
1312
722
2100
834
2731
3086
3182
610
479
867
164003
2703840
1248933
142868
1613819
79469
219545
943929
182498
1417670
6890
10315
10287
10150
7202
1049183
1186820
1009271
1005716
1003057
890393
1338588
895921
1074538
1178521
9 round of counting
357
333
232
173
216
208
205
211
216
269
373
46761
42521
277921
425426
262481
365072
319523
338868
24509
46319
3125959
4121496
1105689
2985796
561378
3426568
1106983
3051359
244794
1101808
1584265
5926178
1113096
1365514
5558503
6013857
5173016
10981026
1224603
10862855
1090257
5638136
5993712
11899
10735
1264402
386
271
838281
657
651
1748
1027
1788
1225
2981
825
515
862
164328
2701068
1246788
143077
1615841
81365
216938
942699
182169
1423660
9133
7964
11160
9527
7714
1048749
1187311
1010020
1001322
1007486
886568
1334553
894983
1074402
1180137
10 round of counting
7
1
0
0
0
0
0
0
0
0
0
0
0
3
6
2
3
3
1
1
2
50
33
36
31
14
14
14
7
1
153
157
22
33
27
31
40
22
32
40
20
27
16
22
2
0
13
1
0
9
0
0
0
0
0
0
1
0
0
0
2
16
13
1
3
7
2
17
2
142
184
11
8
1
0
716
16
16
8
10
12
13
4
4
6
11 round of counting
71117
39250
11073
3938
7691
8000
8931
7991
9153
8600
87334
12936432
12916461
94970762
101603985
96279184
98152156
120548792
121461296
790025
11064849
519702693
551343710
459431992
488916262
232186225
480954355
466370537
500973533
12983739
458912725
464222514
517953432
459378679
463887412
523137990
561750871
546382832
705247418
511232062
581670546
385531458
546578192
552646086
275030
270523
181477074
11016
8650
167522658
755873
416363
1291107
118801
736908
518667
1260212
282852
200774
279275
59221396
286046458
121170860
37159066
179292561
32978139
25383206
136527946
41503513
305286954
3155536
3258492
3383437
2973049
2966877
113322843
115391398
109077009
110487491
112008168
90894611
117489834
109381823
114971019
118394864
12 round of counting
72482
38527
10699
3877
7824
7893
8992
7957
9217
8807
87753
12943370
12888195
95036644
101788348
96339591
97943527
120491330
121146313
792176
11027035
518836148
550759674
459508781
489594346
232538121
480592888
466378030
501204586
12982296
459265776
464499147
516710454
458378148
463717822
523278686
561596235
546370977
705552698
511092323
580086540
385614446
547124310
552542131
269440
271669
181229929
13080
8764
167666976
761034
407478
1289516
119285
735783
514200
1255764
281978
199433
280698
59239465
286030059
121123889
37130864
179493952
32998321
25388462
136556149
41500479
305699120
3183427
3285585
3401073
3001180
2977838
113510645
115463891
109142730
110648380
112174047
90908379
117883478
109618213
115359570
118496903
13 round of counting
1105
839
553
374
490
502
519
510
501
642
828
3117
2635
37974
37449
35948
34430
46979
46769
17969
22737
151219
157795
164150
157732
80341
157629
153201
150443
5681
175267
154637
144755
163883
153134
156616
159127
150929
153142
147291
150192
146715
146731
147262
15770
15594
68571
511
532
40185
814
703
1093
1320
963
1430
2093
715
690
1281
21850
98924
48178
15872
54536
17496
11478
51007
12288
93652
1125
1025
1090
941
888
36733
32670
37239
36357
33535
28113
38412
38682
40147
41986
14 round of counting
152371
79582
18248
5432
12501
12950
15379
13657
16055
13824
195825
31430198
31315681
236920867
249584037
235583392
239688853
296085275
298065633
1469820
26413770
1277744775
1352279935
1164477159
1226613276
587991548
1200331406
1177818631
1249036786
32481368
1166027717
1177655226
1289875142
1165121897
1174066911
1301811462
1376252715
1338712285
1723378269
1260193495
1433169456
970819379
1349337319
1356236225
497121
480042
449072605
18963
12764
415744827
1789355
973219
3068714
261802
1722011
1201246
2959714
666449
470319
644610
146604749
698375259
295953823
90235226
449585932
80773148
62147540
336212950
103653024
756333252
7717893
7949903
8287764
7279960
7219166
285534399
288943144
273778241
277525167
281159897
226849608
295595354
274899596
287645160
297276206
15 round of counting
153704
82440
19101
5914
13260
13446
16227
14239
16911
14412
197360
31449900
31358229
237146539
249657982
235557961
239924482
296781480
298377998
1469882
26543691
1282325763
1357153410
1166575886
1228713455
588781169
1203357407
1178909950
1250068654
32567741
1166613598
1178419013
1291859531
1165426823
1175739487
1306190177
1380016014
1342349424
1732058249
1262063609
1442419020
971264862
1351569822
1359412816
514274
498462
449144484
19567
13403
416482174
1787077
973440
3069220
261649
1733918
1198399
2973202
663555
466232
643094
146799540
700373161
296428366
90206333
451408635
80875459
62307428
337017327
104038474
757025113
7720267
7953494
8289613
7301581
7225343
286354041
288919368
274180667
278261193
281751871
228069064
296943793
275723028
289123010
298543377
16 round of counting
1215
1171
765
533
706
744
702
698
728
873
1117
38366
36162
235488
342503
223546
292495
280645
292099
40307
63107
2129157
2721022
1017658
2047975
490099
2273885
1023388
2111346
145688
1013461
1268160
3664127
1014240
1179941
3472987
3753526
3303301
6630029
968460
6514159
846730
3546375
3719986
26783
26560
769599
778
787
698253
1247
1504
2607
2180
1965
2778
4990
1232
1147
2116
146072
1674275
751314
97947
1104649
75483
141159
644704
168830
1077324
8261
9249
8859
8811
7268
692792
754834
651165
657894
647119
583741
853523
600632
717258
770087
17 round of counting
81803
41941
8415
1630
5120
5315
6992
5929
7770
5619
109902
18477229
18393910
141980281
147759754
139122831
141480939
175998062
176666305
658073
15447854
760561383
801598276
705558865
737330951
355747663
719004143
710675622
747318337
19483170
706176421
712431890
770355730
706389406
710678040
778794614
814687014
792655132
1017851722
749202686
853691662
584611446
801767564
803586558
229802
217535
267312518
8335
4625
247989899
1035585
562322
1776238
142232
987236
679164
1703864
381330
266893
365966
87406476
412780516
175068955
53094664
270097500
47783341
36782422
199710087
62349904
450995736
4566325
4678987
4899519
4316444
4266839
172128015
173667705
164523562
166934036
169114844
136296114
178150208
165295887
173054092
179105124
18 round of counting
81891
43057
8447
1752
5509
5709
7105
6136
7736
5854
109352
18495510
18433345
142245544
148149667
139380714
141822993
176330147
177039451
674061
15483355
763105104
804284689
706927409
739793925
356348197
721554203
712296146
749913446
19606684
707385237
713695729
773792537
707112739
711719011
782257444
817964451
796105473
1024626547
749893753
860410992
585275749
804759212
807024419
238528
225715
268208008
8560
4836
248838605
1032050
563107
1777990
142820
988349
679708
1705304
380325
266234
366007
87524189
414299057
175865725
53169924
271463036
47834418
36944439
200401866
62620166
452078151
4590697
4700064
4920530
4337189
4281286
172773648
174428243
165048122
167545993
169815789
136893054
179049792
165886294
173823959
179950489
19 round of counting
274
335
224
173
210
211
204
208
209
266
349
35387
33983
198093
310156
189020
258439
235203
248906
21199
40207
1958702
2549887
851938
1877324
423626
2117059
857755
1942618
141426
865255
1120916
3490437
860014
1014965
3299123
3586479
3120884
6440512
808869
6335766
705454
3394878
3561496
10484
10025
701893
296
252
649843
609
1485
2836
777
1516
1030
2320
1048
417
780
121571
1565611
704725
79918
1054671
56096
127386
596712
157356
978744
6411
8558
8523
7057
6796
657491
724308
612177
619147
618896
554473
812151
561961
674590
726525
20 round of counting
5
0
0
0
0
0
0
0
0
0
1
19
4
39
70
12
9
12
4
7
105
305
244
287
221
71
237
195
215
51
180
257
247
219
260
293
158
502
163
157
158
150
158
157
7
0
22
0
0
2
0
0
0
0
0
0
0
0
0
0
1
9
5
1
0
0
0
2
0
111
6
0
0
0
0
26
0
90
35
5
2
78
130
64
7
21 round of counting
22
2
0
0
0
0
0
0
0
0
0
4
0
36
9
1
6
2281
799
263
323
6155
3891
1086
5645
430
1088
355
1045
49
3748
2403
317
4706
8194
2156
2067
3087
1961
1875
2328
865
1753
1588
117
133
3987
54
8
5598
44
32
3
1
6
1
6
0
1
1
11
10
8
7
3
0
2
6
0
9821
131
55
54
57
89
2921
3504
4
2
4
1
261
3148
24
16
22 round of counting
31
1
0
0
0
0
0
0
0
0
1
21
3
17
1
1
2
10
0
7
68
14764
1696
2841
5460
183
4415
7054
3677
67
8971
10364
4214
14731
9329
962
2088
2864
11547
5425
2518
1627
589
1751
39
2
26
1
1
2
0
0
0
0
0
0
0
0
0
0
0
11
5
2
2
0
0
5
0
3449
126
64
38
59
32
28
15
7
2
4
1
462
1594
3870
1431
23 round of counting
18978
14576
8096
6241
7495
7655
7472
7322
7317
9061
15478
627774
634000
3277838
4447058
4384048
4606694
5109488
5303097
332745
963546
22745665
25154636
12664033
16519651
6375903
18188330
13338974
18712844
452196
12531496
12819361
21108010
12615469
13228303
20328580
27413441
27074735
31216222
21242217
27052961
16782487
24234551
26458119
273931
286260
7338757
8064
7945
6803081
48665
27818
73550
27863
53618
48782
100620
23944
18491
35511
2365121
14416651
6149890
1940390
6398327
1549049
1169223
6177350
1414270
12395506
139966
136590
141018
122173
120792
3831181
4026255
3721016
3990058
4077847
3392786
4133482
3794486
4032650
4022850
24 round of counting
0
0
0
0
0
0
0
0
0
0
0
10
10
74
78
74
75
93
93
0
9
403
427
357
381
181
374
361
388
10
357
361
405
356
360
409
438
425
548
392
461
302
427
431
0
1
142
0
0
130
0
1
1
0
0
1
1
0
0
0
45
222
94
29
140
25
19
105
33
237
2
3
3
2
2
89
90
86
87
88
71
93
86
91
93
25 round of counting
26540
14020
2620
469
1602
1695
2288
1958
2551
1791
36755
5782933
5754690
44307789
45845139
42967086
43700219
54406914
54531023
286612
4766556
232817741
246701710
218765614
228455390
110416504
221429315
220960574
231448302
6286263
218870990
220813579
237622782
218869757
220280292
241549127
250529219
242515335
325840242
229785442
263793957
167694073
246700445
246465285
59879
66796
83464023
3836
1951
76575197
336989
181003
570854
47425
317276
229675
553284
124275
88924
119851
26939486
126498359
53878654
16460980
83913051
14763655
11743800
61227254
19416654
138397470
1463273
1513878
1570737
1379697
1379152
53222984
54159032
51175644
51675224
52479342
42231698
55075753
51201840
53855369
55493405
26 round of counting
1071
503
182
65
124
106
110
107
100
121
960
91028
90535
391890
593518
585970
624821
663025
699777
6878
70074
2914113
3210626
1196079
1811312
620299
2140728
1292976
2185834
35728
1131249
1237126
2465847
1135373
1247016
2376031
3546876
3502350
3821607
2754631
3361580
2276541
3095354
3457101
4182
3732
967247
125
127
831691
6791
3494
10992
1450
7364
4891
12046
2680
1798
2766
291543
1888329
754483
266004
746592
195393
157195
799756
173020
1541962
20330
21221
21557
19138
20206
442454
481499
441263
457126
455727
412742
478602
443105
472368
475783
27 round of counting
40800
21853
4273
779
2672
2822
3792
3242
4212
2942
55313
7109805
7101512
52649943
54532550
50652644
51708456
63775140
63969093
534673
5583680
268226127
285401433
251754162
263885510
127409692
255477541
252895739
266475860
7433401
252140872
254539965
275938161
252142366
253680694
280653830
291164878
281172643
386187903
263350343
310322861
187330923
286641918
286241372
104568
108784
100946793
7353
3654
89073518
467661
249169
754662
70819
434254
337408
755044
177117
130853
170506
31080388
147837159
62412940
19967996
98562966
17396612
15307818
71215382
22846721
159155638
1904520
1999730
2038846
1807090
1828070
62693951
64115911
60533839
61058936
61909239
50239709
64973278
60270430
63705406
65424376
28 round of counting
151
118
52
8
38
44
44
44
44
37
171
25830
25638
439292
445191
433798
437543
577382
577409
30216
98455
2915295
3133283
2860554
2971927
1307534
2846201
2860330
3000929
112788
2861803
2887608
3079533
2861936
2872287
3146466
3168031
3028028
4249118
2893575
3325255
1970774
3108845
3095276
2400
2400
697309
67
134
959515
482
332
573
193
425
418
527
288
314
259
321856
1448301
665180
118635
952047
154423
29163
730937
218179
1722703
4349
2473
3257
3802
2133
614471
604438
558237
575653
605259
453420
624003
595172
593650
622099
29 round of counting
13865
8012
1860
531
1028
1112
1380
1219
1679
1077
24058
4309624
4417833
34005301
35161761
32588020
33321751
41295842
41548833
131553
3746134
189055817
197895938
170313085
181382885
85959733
179651849
171895723
184891469
4754146
170914582
172677417
198557815
170391181
171294477
196676484
201194405
201166253
243130173
176500044
226125566
166921445
203746728
205958970
61197
56191
65509271
1779
769
61009869
223314
119860
402472
29003
205785
148174
365417
80159
53946
78726
20570768
104136815
43993330
12304648
68097925
11015837
8755496
49541016
15095060
111320032
1004892
1035233
1110838
996459
953517
44449759
43791335
41390741
42583476
42737243
34543903
46495216
41667987
43509766
45988928
30 round of counting
0
0
0
0
0
0
0
0
0
0
0
0
0
0
0
0
0
0
0
0
0
0
0
0
0
0
0
0
0
0
0
0
0
0
0
0
0
0
0
0
0
0
0
0
0
0
0
0
0
0
0
0
0
0
0
0
0
0
0
0
0
0
0
0
0
0
0
0
0
0
0
0
0
0
0
0
0
0
0
0
0
0
0
0
0
31 round of counting
0
0
0
0
0
0
0
0
0
0
0
0
0
0
0
0
0
0
0
0
0
0
0
0
0
0
0
0
0
0
0
0
0
0
0
0
0
0
0
0
0
0
0
0
0
0
0
0
0
0
0
0
0
0
0
0
0
0
0
0
0
0
0
0
0
0
0
0
0
0
0
0
0
0
0
0
0
0
0
0
0
0
0
0
0
32 round of counting
0
0
0
0
0
0
0
0
0
0
0
0
0
0
0
0
0
0
0
0
0
0
0
0
0
0
0
0
0
0
0
0
0
0
0
0
0
0
0
0
0
0
0
0
0
0
0
0
0
0
0
0
0
0
0
0
0
0
0
0
0
0
0
0
0
0
0
0
0
0
0
0
0
0
0
0
0
0
0
0
0
0
0
0
0
33 round of counting
0
0
0
0
0
0
0
0
0
0
0
0
0
0
0
0
0
0
0
0
0
0
0
0
0
0
0
0
0
0
0
0
0
0
0
0
0
0
0
0
0
0
0
0
0
0
0
0
0
0
0
0
0
0
0
0
0
0
0
0
0
0
0
0
0
0
0
0
0
0
0
0
0
0
0
0
0
0
0
0
0
0
0
0
0
34 round of counting
0
0
0
0
0
0
0
0
0
0
0
0
0
0
0
0
0
0
0
0
0
0
0
0
0
0
0
0
0
0
0
0
0
0
0
0
0
0
0
0
0
0
0
0
0
0
0
0
0
0
0
0
0
0
0
0
0
0
0
0
0
0
0
0
0
0
0
0
0
0
0
0
0
0
0
0
0
0
0
0
0
0
0
0
0
35 round of counting
0
0
0
0
0
0
0
0
0
0
0
0
0
0
0
0
0
0
0
0
0
0
0
0
0
0
0
0
0
0
0
0
0
0
0
0
0
0
0
0
0
0
0
0
0
0
0
0
0
0
0
0
0
0
0
0
0
0
0
0
0
0
0
0
0
0
0
0
0
0
0
0
0
0
0
0
0
0
0
0
0
0
0
0
0
36 round of counting
0
0
0
0
0
0
0
0
0
0
0
0
0
0
0
0
0
0
0
0
0
0
0
0
0
0
0
0
0
0
0
0
0
0
0
0
0
0
0
0
0
0
0
0
0
0
0
0
0
0
0
0
0
0
0
0
0
0
0
0
0
0
0
0
0
0
0
0
0
0
0
0
0
0
0
0
0
0
0
0
0
0
0
0
0
