0 round of counting
23024
11917
7834
32526
33770
30687624
32188874
752326
6816
7393
7950
17134
19401
18257
11210
12223
19097
17470
27552
29236
29299
29209
6903
5471
25923
20679
1424102
1317119
14942457872
15196003180
16788317
41619450
25248291
2844562
19540557
20245485
20267160
29985911
87143752
63142920
70869998
70182991
70539063
3558991
354282
234695
236201
2666020
2741754
2662477
31194788
31779174
31902875
31916920
31839582
31878940
32031036
31757603
31642946
31885735
31465664
33123677
33687960
32578589
32598939
4057816
3493793
31882809
33091668
32672107
32704190
3207077
2757003
2753020
2242818
2721664
2727007
23766138
32657692
33412788
33562821
32292741
32658954
30754461
32194785
32805076
1 round of counting
29902
15649
13234
36947
37062
31970471
33708228
1019963
14774
13376
12463
23732
24542
23612
16359
17207
23538
20789
30076
30872
29993
29091
11801
9707
28493
23558
1101465
964312
37127618087
37051576397
12001678
66735433
29411867
2404143
14352946
15361759
15433632
22753296
65239580
46807540
67316424
66798160
67571501
2839167
249910
169739
168421
1984086
2019991
1948117
29862024
30473273
30883190
30709896
30717895
30547512
31003596
30475910
30181260
30679652
30465770
34997048
35720216
35024678
34342208
3621984
2697927
33485895
35065273
34463451
34491502
2920710
2161291
2101536
1728506
2140188
2148283
17735768
24902374
25459559
34374543
34120084
34740305
32945090
34065651
34502736
2 round of counting
389
512
455
548
621
115062
109893
328
424
397
391
489
501
514
437
483
540
500
559
523
515
512
440
405
482
517
1536
1646
410222
528022
773
188125
79675
604
992
1207
1153
4095
7589
3189
35151
37964
37562
648
625
566
548
863
999
1103
89408
88239
92316
98597
91724
89767
97169
89159
94953
93280
93451
127865
119371
114790
114457
1199
928
116174
118570
115030
121115
1919
1152
769
770
870
1036
4221
2337
3267
112520
114474
115573
116006
116707
115869
3 round of counting
690
574
447
555
514
114226
129849
771
488
410
384
512
518
543
443
464
476
461
499
497
505
559
427
393
520
474
773
1620
1073347
1237319
1624
196270
79485
1798
3448
1161
1184
3949
5335
3282
32819
36836
36426
1065
718
607
548
989
2660
820
85857
89553
89326
89413
89368
90415
90649
89914
85949
88466
90114
118000
121330
114371
114870
1119
914
120022
115950
114630
115586
1070
2852
1080
828
1027
847
2783
2373
3054
112597
113474
115785
118348
115371
116312
4 round of counting
242
41
7
11
20
1197
1556
433
70
12
4
16
11
1
5
6
7
2
1
1
0
0
0
0
0
0
37
10
674039
647808
818
3696
1724
493
119
25
16
26
66
75
546
918
912
369
23
6
6
11
6
5
930
1279
1308
1272
1240
1286
1329
1303
1271
1261
1284
1576
1648
1617
1631
519
81
1162
1607
1596
1640
512
90
17
10
6
8
28
28
69
1234
1634
1654
1570
1612
1580
5 round of counting
590
692
619
679
723
617914
630019
3902
553
600
562
675
703
732
636
660
684
668
712
750
769
648
346
620
708
685
1749
1454
-275867563
-275085792
14080
3374987
810995
4492
81589
32323
34700
56776
95632
81873
283654
274169
274231
3839
2609
1017
1032
4444
7338
7223
481371
477818
488557
477164
484733
481137
494549
478062
472932
478377
487711
683354
674553
656613
654752
6422
5962
649921
660858
660620
665551
5956
4939
7147
3926
5978
4582
37551
64222
75941
663683
646255
667476
655546
651089
653231
6 round of counting
4898
4775
4388
14716
15346
13069075
13537269
260411
4046
4177
4374
8226
9245
8682
5724
6065
8784
8025
12356
12804
12624
12192
3850
3145
11724
9453
550625
481085
6690826430
6713430622
5897695
24083373
11670918
1076755
7226848
7356307
7374832
11746692
31984316
22868723
17840920
17394787
17681799
1387220
132758
90136
89913
1047336
1070734
1032179
12514060
12761859
12889939
12814739
12770284
12791805
12948964
12759556
12716078
12785835
12736066
14112292
14220279
13807671
13789590
1566129
1382571
13629255
14020871
13790429
13777998
1223443
1096546
1082609
865283
1077814
1081497
8991407
12761625
13008136
14024217
13598770
13859516
13331253
13622803
13777318
7 round of counting
287
41
7
18
14
2518
6907
3997
71
16
9
23
16
5
5
5
0
1
1
3
0
0
2
2
1
0
42
4
174657390
174706176
4939
5191
7972
2551
1046
35
14
29
139
237
5804
7446
7477
979
34
21
5
16
4
4
1720
5797
5360
5791
5807
5782
5985
5944
5616
5704
5520
6160
7024
7094
6883
4219
78
2617
6629
6986
7021
4288
99
22
19
8
6
117
20
81
2029
6852
6897
6904
6948
6806
8 round of counting
167
181
179
203
225
513489
518019
4347
170
166
166
208
218
209
185
187
187
190
189
214
200
214
196
172
207
201
914
762
163904994
164224782
18283
3179148
741246
5433
81439
31388
33354
54603
90986
78798
287305
275661
275993
4649
1916
409
431
3544
5144
4751
395041
388536
398319
389766
394478
391060
407350
391802
384068
387532
401490
568924
556200
543933
540794
7684
5031
536540
550155
550959
542544
7253
4183
4451
3051
3479
3735
35705
61496
71195
556792
534650
553909
541452
544704
543079
9 round of counting
180
178
172
199
191
516904
521175
8127
165
152
153
189
190
211
174
180
182
177
195
224
194
186
181
159
197
183
872
838
338374404
338590487
22312
3182489
747444
7303
82610
31250
33265
54253
90893
79605
290874
283442
283943
5508
1939
425
409
3476
4817
4914
395685
396102
407515
397154
401949
398289
416687
398779
392472
390963
410108
576434
565194
551167
549553
11256
5072
539157
556261
550053
548825
10973
4142
4254
3070
3370
3834
35347
61303
71713
555551
541644
557778
546084
548860
547309
10 round of counting
18
0
2
7
0
1599
5292
3573
9
0
0
7
0
0
0
0
2
2
0
0
0
0
0
0
0
0
8
0
173930699
174772233
4142
1530
6168
2050
942
7
7
11
19
70
5060
6560
6666
646
1
0
0
3
0
0
845
4498
4448
4516
4497
4452
4571
4448
4666
4416
4476
4724
5412
5400
5433
3704
14
1388
5053
5024
5335
3787
15
3
3
2
0
97
2
4
819
5297
5238
5316
4893
5255
11 round of counting
8376
7102
6147
17728
18042
10146808
10787495
190203
5775
5779
5499
11344
12348
11747
7746
8289
10725
9622
14530
14673
14252
13315
5703
4852
14044
11082
455654
408945
4784591818
4855204755
4327262
13286057
7655811
862285
5298485
6562647
6619290
10531947
30836447
21940704
22759340
22496261
22661188
1290926
116735
72265
71008
904075
925526
885327
10482248
10681438
10704343
10749983
10710628
10730927
10787526
10665278
10587029
10651321
10403193
11155568
11376941
10985274
10923560
1400244
1264345
10817530
11255571
11067252
11032403
1049258
1005201
965459
800681
998256
1000594
7948864
11549455
11805530
11356755
10838906
11027603
10636491
10785946
11069968
12 round of counting
8502
7336
6590
18247
18426
10153975
10660904
190796
5907
5512
5515
11481
12385
11340
7594
8244
10972
9367
14738
14804
14694
13488
5851
4830
13444
11199
455926
408980
4747360293
4830406489
4306661
13118413
7530333
853728
5346157
6491760
6600439
10528389
30784371
21940777
22798970
22564467
22580556
1291320
118085
72065
70953
903728
925598
883387
10491927
10555346
10685493
10645836
10698010
10633357
10682520
10640901
10537805
10683585
10453133
11081168
11438033
10987551
10983367
1392687
1271228
10840888
11215958
11025095
11077157
1044190
1003199
963822
798191
996917
1001740
7984389
11445751
11672892
11450197
10817224
11137849
10596204
10799394
11037321
13 round of counting
624
512
458
485
524
77540
77356
689
452
392
392
448
456
523
434
444
455
441
466
458
445
479
415
406
448
474
544
533
1043337
1204566
1289
146072
63230
847
927
954
1014
1982
3244
2365
23682
25717
25536
936
549
500
487
606
625
612
65024
63321
64488
64157
64983
63445
66314
65158
64110
65403
66474
84490
82673
78934
78216
902
649
84654
81792
82578
80993
874
666
677
641
619
648
1501
1762
2429
82758
81580
82963
84309
82723
82801
14 round of counting
12277
10695
10119
34577
34369
24219310
25509170
487700
8854
9081
8944
19796
22344
20309
12655
13884
19933
17732
27790
28668
27575
25914
8538
7065
26284
21125
1123489
1009521
10266993763
10420751147
11664110
36663299
19958932
2120912
13779875
15423974
15538437
24587514
70083285
50059104
42091202
41527705
41561584
2960258
272472
175839
174851
2140334
2185855
2091993
24400960
24729562
24856560
24739629
24728664
24686162
24947046
24752496
24458117
24629366
24518780
26037279
26751382
25750695
25834097
3246443
2898992
25402071
26365361
26036068
26006945
2494527
2325129
2254444
1851439
2297051
2301544
18757815
26458099
27036209
26723922
25677016
25968628
24570890
25598304
26001079
15 round of counting
12726
11171
10356
34469
35289
24669627
25958260
493343
9314
9680
9913
20093
22609
20665
13195
14718
20608
18540
28961
28855
28382
27454
9316
7651
26936
22217
1126883
1012476
10511056413
10746003979
11676189
39157287
20601909
2138713
13944848
15490529
15414133
24606578
69931054
49931814
42392076
41724068
42064335
2968350
274820
176673
175557
2142219
2191754
2097195
24736241
25039852
25289608
25229534
25235638
25178947
25427878
25141143
24953395
25162971
24846606
26754789
27272366
26335487
26339172
3264067
2910711
25929368
26868665
26481098
26513162
2512142
2329289
2264947
1861557
2305437
2313541
18936138
26616366
27249004
27263637
26121260
26655085
25032220
26057332
26541274
16 round of counting
816
735
621
689
690
487327
489570
6001
636
596
572
684
667
658
633
647
669
645
678
670
663
672
629
575
712
646
1110
966
328854115
329434596
10845
2500532
639895
4904
69147
17815
18970
31980
50105
53121
215980
212172
212121
3746
1368
772
754
2156
2471
2269
375007
374338
383749
372702
382739
375791
391951
374350
368998
370040
381825
535422
526054
513800
509219
7751
2741
499426
518202
516567
512486
7438
2246
2344
1899
1995
2242
18957
30358
36929
511834
506937
522732
515046
513842
511476
17 round of counting
4029
4085
4019
16623
16894
14251332
14759097
292365
3357
3621
3779
8603
9661
8942
5417
5950
9157
8336
13681
14055
13632
13426
3142
2588
12657
10114
667942
600745
5438859970
5573340518
7331208
23505337
12360975
1259196
8530919
8904812
8881148
14036991
39105621
28097158
19412618
19067513
19195603
1672709
155735
104454
103976
1235961
1263152
1209691
13958923
14162721
14265340
14218915
14162444
14207390
14286105
14164782
14102162
14220462
14098114
15154499
15364087
14891186
14906079
1861127
1646309
14752750
15125665
14916799
14951565
1449071
1322355
1294584
1056975
1307034
1308124
10824910
15147002
15491154
15294112
14858139
15002383
14471578
14787581
14948701
18 round of counting
4157
4051
4027
16687
17066
14617795
15141931
297555
3498
3827
3974
8697
9816
9198
5873
6226
9547
8597
13648
14066
13904
13663
3466
2832
12980
10240
668661
601456
5768944666
5910527100
7354923
25985079
12967056
1269448
8611027
8948221
8980722
14074525
39133891
28163447
19465978
19102544
19395004
1675924
159450
107399
106923
1238774
1264479
1213074
14280618
14463510
14567070
14528639
14480650
14511748
14612956
14496502
14407100
14550176
14460567
15696855
15813276
15337877
15335452
1866949
1649177
15124981
15617967
15398049
15427499
1456339
1322079
1295335
1058457
1308843
1309510
10880809
15159121
15515734
15766633
15272370
15445128
14909336
15254787
15419347
19 round of counting
184
167
170
185
187
406267
410342
5350
174
158
153
189
217
194
180
188
192
185
195
195
193
191
183
167
186
188
563
407
327821334
328054528
8632
2358775
581701
4119
68092
16863
17919
30060
48881
51230
193689
188652
187808
2883
772
243
253
1295
1714
1713
310977
312880
318922
311299
319481
315404
329866
312274
309702
308354
317708
455203
445019
436571
431399
6872
1842
417644
435799
435801
431122
6607
1546
1563
1283
1315
1446
17885
28976
34551
430573
429025
441154
434171
434804
432108
20 round of counting
5
0
0
0
0
4837
8420
3593
2
0
0
0
0
0
0
0
0
0
0
0
0
0
0
0
0
0
2
0
79771713
79809309
5187
16955
10049
2342
38
20
7
142
315
200
2372
3590
3602
1107
1
0
1
0
0
0
3616
6454
6504
6525
6474
6524
6600
6530
6406
6427
6577
8336
9112
8688
8593
3668
1
5191
8871
8673
8641
3734
1
1
0
0
0
102
105
261
4994
8599
8670
8705
8648
8627
21 round of counting
13
5
9
12
8
252
365
66
19
11
10
10
3
10
3
9
12
10
10
13
10
11
10
11
11
11
3
12
72
116
92
14
79
72
12
21
24
345
144
158
364
105
624
95
21
15
10
31
65
43
11
68
77
74
74
73
77
74
71
71
73
77
73
88
241
79
14
181
68
72
70
79
11
40
11
13
11
92
3
292
172
74
71
288
72
100
22 round of counting
19
5
3
4
3
5411
8464
3658
16
7
8
11
7
7
8
9
15
9
8
6
3
6
2
5
9
10
15
11
79750715
79818315
5274
17006
10135
2400
56
30
14
146
407
310
2876
3692
4114
1206
28
19
15
34
42
29
3963
6559
6568
6643
6563
6555
6996
6602
6470
6525
6675
8447
10274
8770
8650
3750
28
5165
8995
8752
8694
3795
32
30
14
12
1
106
126
437
5606
8899
8760
8761
8739
8680
23 round of counting
19744
8976
6809
9548
9433
6171332
6249709
46803
8674
7633
6583
8874
8136
7815
6777
6893
7446
7011
8117
8352
8099
7497
7237
5993
8211
7914
50095
39360
461416261
458990995
154379
18173789
5914863
104907
167100
584598
585144
1388830
4167224
2792823
4880665
4910966
4922929
194198
17305
11466
10005
106409
104912
93903
4929862
4851166
4979618
4930512
4920574
4882879
5040572
4872375
4821882
4955879
4963819
6574998
6685209
6395708
6400760
208489
173451
6534670
6642352
6439133
6469828
153711
139813
121511
106738
139736
137451
964835
1507408
1585894
6417559
6360652
6489674
6363481
6437493
6426898
24 round of counting
0
0
0
0
0
16
11
1
0
0
0
0
0
0
0
0
0
0
0
0
0
0
0
0
0
0
0
1
15597
15592
5
17
12
1
6
6
7
10
28
20
29
28
27
1
1
0
0
1
1
1
9
12
14
15
12
13
12
10
16
15
10
13
12
11
14
2
1
13
18
13
14
2
1
1
0
1
1
8
11
11
12
13
13
9
9
14
25 round of counting
923
1013
1034
3713
3839
3558350
3810304
81402
907
1008
1064
2097
2308
2203
1411
1574
2433
2229
3198
3389
3394
3386
892
738
3114
2599
184167
177653
1336841356
1337236816
2047600
3752285
2755774
343025
2303292
2328833
2335614
3568867
8456704
6348955
5429604
5354426
5385397
392914
41203
28477
28902
316822
325178
322027
3848540
3909057
3919671
3923433
3917563
3923469
3930780
3910544
3902743
3923097
3817554
3878393
4008320
3844773
3849458
450922
389271
3730351
3931503
3860876
3867391
374330
315057
323799
265937
309234
310608
2926398
3808900
3888761
3986921
3785555
3850112
3420452
3761559
3900788
26 round of counting
212
167
144
497
462
131893
141645
317
104
101
90
329
313
292
137
167
220
174
347
332
253
194
94
71
308
215
5101
4807
26856047
27146897
9285
129169
57466
7715
18641
86532
85371
177113
561521
383934
506752
516971
501118
23601
1235
763
662
13732
13415
12246
138760
134955
136694
136660
135861
135746
138033
134089
133339
135204
130783
142630
150250
143149
142751
22921
23212
142167
148257
142147
143557
14713
18905
15883
14393
19043
19038
124070
195589
197355
150294
162098
143402
121101
137033
147373
27 round of counting
1628
1793
1828
6799
7069
6224543
6637684
223109
1600
1763
1905
3819
4244
4072
2602
2816
4429
4062
5919
6292
6299
6284
1594
1293
5676
4736
343422
327463
1845357326
1920821287
3930647
6238216
5051915
703502
4118133
4404564
4426292
6756792
15537919
11767005
12267623
12085289
12132741
738303
89044
55395
55855
592292
619059
606096
6579405
6768449
6784850
6791612
6778884
6788243
6805358
6766647
6750618
6785307
6670396
6800247
6946319
6709660
6713749
904334
726208
6479179
6817483
6727880
6735055
769130
588083
605954
500803
573710
579094
5531716
7135239
7340906
6951351
6636483
6716490
6231110
6613762
6772405
28 round of counting
119
91
123
1461
1417
2999803
3004533
51
67
51
67
385
521
369
115
143
219
179
877
861
877
861
51
51
753
293
16035
5423
1854516521
1855196577
164085
12926485
3416459
34589
570291
600439
601831
982957
7627259
4995587
911787
911771
951575
200389
2515
3267
3279
91033
83093
75181
2383679
2339825
2384033
2374913
2362457
2357897
2412857
2346547
2319641
2369211
2400157
3181393
3186193
3065775
3070333
183833
190389
3160185
3164901
3073353
3078263
84065
126333
101785
77357
130485
125745
639037
1366177
1365041
3074329
3069509
3101675
3096965
3074829
3069847
29 round of counting
1634
703
985
6472
6209
10330965
11034276
631775
1067
1286
1275
3036
3509
2851
2198
2217
4324
4049
5672
5646
6446
5878
964
744
4850
3668
320435
259777
30325896081
30145835286
4619485
24105276
10855296
936113
6166848
5100247
5034202
5887012
19784248
14167893
37330695
37978035
37602858
812679
50897
48013
47597
544145
542973
530152
9026858
9424127
9589443
9518076
9474775
9474640
9636360
9492872
9340756
9417927
9611504
11432849
11574395
11268439
11224446
1354776
713382
10624658
11299864
11248172
11272857
1167310
568212
559785
442416
567197
564335
4642626
6545713
6632604
10618837
11219163
11279930
11246803
11185413
11157736
30 round of counting
0
0
0
0
0
0
0
0
0
0
0
0
0
0
0
0
0
0
0
0
0
0
0
0
0
0
0
0
0
0
0
0
0
0
0
0
0
0
0
0
0
0
0
0
0
0
0
0
0
0
0
0
0
0
0
0
0
0
0
0
0
0
0
0
0
0
0
0
0
0
0
0
0
0
0
0
0
0
0
0
0
0
0
0
0
0
31 round of counting
0
0
0
0
0
0
0
0
0
0
0
0
0
0
0
0
0
0
0
0
0
0
0
0
0
0
0
0
0
0
0
0
0
0
0
0
0
0
0
0
0
0
0
0
0
0
0
0
0
0
0
0
0
0
0
0
0
0
0
0
0
0
0
0
0
0
0
0
0
0
0
0
0
0
0
0
0
0
0
0
0
0
0
0
0
0
32 round of counting
0
0
0
0
0
0
0
0
0
0
0
0
0
0
0
0
0
0
0
0
0
0
0
0
0
0
0
0
0
0
0
0
0
0
0
0
0
0
0
0
0
0
0
0
0
0
0
0
0
0
0
0
0
0
0
0
0
0
0
0
0
0
0
0
0
0
0
0
0
0
0
0
0
0
0
0
0
0
0
0
0
0
0
0
0
0
33 round of counting
0
0
0
0
0
0
0
0
0
0
0
0
0
0
0
0
0
0
0
0
0
0
0
0
0
0
0
0
0
0
0
0
0
0
0
0
0
0
0
0
0
0
0
0
0
0
0
0
0
0
0
0
0
0
0
0
0
0
0
0
0
0
0
0
0
0
0
0
0
0
0
0
0
0
0
0
0
0
0
0
0
0
0
0
0
0
34 round of counting
0
0
0
0
0
0
0
0
0
0
0
0
0
0
0
0
0
0
0
0
0
0
0
0
0
0
0
0
0
0
0
0
0
0
0
0
0
0
0
0
0
0
0
0
0
0
0
0
0
0
0
0
0
0
0
0
0
0
0
0
0
0
0
0
0
0
0
0
0
0
0
0
0
0
0
0
0
0
0
0
0
0
0
0
0
0
35 round of counting
0
0
0
0
0
0
0
0
0
0
0
0
0
0
0
0
0
0
0
0
0
0
0
0
0
0
0
0
0
0
0
0
0
0
0
0
0
0
0
0
0
0
0
0
0
0
0
0
0
0
0
0
0
0
0
0
0
0
0
0
0
0
0
0
0
0
0
0
0
0
0
0
0
0
0
0
0
0
0
0
0
0
0
0
0
0
36 round of counting
0
0
0
0
0
0
0
0
0
0
0
0
0
0
0
0
0
0
0
0
0
0
0
0
0
0
0
0
0
0
0
0
0
0
0
0
0
0
0
0
0
0
0
0
0
0
0
0
0
0
0
0
0
0
0
0
0
0
0
0
0
0
0
0
0
0
0
0
0
0
0
0
0
0
0
0
0
0
0
0
0
0
0
0
0
0
