0 round of counting
277597
247147
367704
367166
253398
247103
396341
395063
388507
420511
463513
462604
366305
366043
272539
353301
353460
351175
390940
415253
393783
460294
296796
426230
427027
401399
393256
414395
431963
434190
416601
1 round of counting
171414
156523
398889
400782
166008
153551
419963
417553
415867
439776
465935
463815
407070
408003
221881
394221
443702
411962
426557
440275
421609
462731
237532
451007
448454
429331
420098
440307
453184
450832
441772
2 round of counting
1548
947
9931
9768
1138
663
9615
9526
10124
10456
10206
10134
10177
10021
3338
10049
9975
9899
10142
10206
10181
10229
3362
10570
10527
10028
10205
10046
10042
9958
9886
3 round of counting
1602
1027
10268
9924
1184
684
9700
9720
9853
10733
10680
10511
10436
10323
3348
10223
10115
10085
10418
10085
10422
10482
3524
10111
10190
10054
10131
10253
10198
10152
10253
4 round of counting
4
3
0
0
0
0
0
0
0
0
0
0
0
0
0
0
0
3
0
0
0
0
0
0
0
0
0
0
0
0
0
5 round of counting
2325
1452
15074
15223
1737
1055
15035
14955
14968
15682
15741
16295
16101
15162
5098
15200
15258
15251
16359
16950
15796
15959
5812
16846
17200
16292
15917
16715
17285
16875
17109
6 round of counting
89385
86443
158688
157949
90489
86088
164701
164358
162336
182565
200367
199146
163112
161760
104027
154704
154589
153267
168097
176813
167236
194078
112511
180215
181170
169553
166838
176142
183830
186050
177749
7 round of counting
2
3
0
0
0
0
0
0
0
0
0
0
0
0
0
0
0
0
0
0
0
0
0
0
0
0
0
0
0
720
352
8 round of counting
725
496
5201
5284
637
390
5274
5234
5298
5372
5418
5469
5416
5554
1838
5257
5230
5066
5683
6650
5604
5843
2304
6814
6817
5762
5337
6195
6821
6593
6766
9 round of counting
691
465
5300
5266
657
403
5377
5323
5269
5548
5488
5531
5438
5461
1774
5096
5119
4925
5636
6526
5572
5891
2319
6885
7047
6040
5460
6303
6848
6507
6658
10 round of counting
2
0
0
0
0
0
0
0
0
0
0
0
0
0
0
111
62
6
9
2
0
0
0
5
2
0
0
0
0
0
0
11 round of counting
64219
57802
155052
156063
62103
56964
164039
167112
163810
169249
177051
178038
156533
156545
82090
150517
149787
150281
165869
174385
165258
181368
92128
177924
178638
170147
165561
172616
182256
179054
174725
12 round of counting
64790
58042
154862
151878
61711
56806
162106
161862
159918
166717
176126
175798
155328
155639
81827
149542
149188
148568
165549
177692
168690
182735
92048
178552
178828
169379
165657
171599
177115
176653
173200
13 round of counting
1340
831
7925
7881
928
593
7533
7358
7950
8067
7951
7883
7822
7776
3062
8044
7874
7861
7891
7964
7937
7972
2674
7789
7884
7917
7871
7930
7848
7783
7885
14 round of counting
201089
191722
344363
344963
200771
192820
364217
362368
359493
388500
419776
418942
347848
345525
228943
333542
333933
330997
365452
382690
366090
416567
249330
391281
394276
371675
368559
384051
396522
396988
383578
15 round of counting
202804
193237
358099
355344
201976
193363
377047
375547
371213
401191
433178
432558
360737
359282
232939
346288
346562
343484
376722
396996
378325
431665
253740
406430
407895
384489
376785
396769
410295
409713
398028
16 round of counting
2226
1339
13088
13121
1558
950
12845
12790
12809
13395
13588
13562
13518
13461
4576
13193
13079
13267
14008
14513
13505
13795
5003
14582
14753
13866
13390
14172
14835
14346
14634
17 round of counting
137447
134268
196073
195805
139551
136269
207225
207300
204326
226525
249788
249740
197264
197108
149143
188893
189278
187630
206063
216216
208281
244196
159651
221313
221813
209436
206462
216789
225374
226920
217660
18 round of counting
138051
134677
201981
200879
140235
136778
212441
211907
209246
232479
254704
254304
201695
201657
150472
194404
194104
193454
211420
223471
212223
247390
161893
227272
228859
216452
211741
222864
231672
232916
223420
19 round of counting
661
458
5041
5052
588
386
5077
5016
5028
5398
5505
5621
5504
5447
1688
5180
4724
4584
5050
6027
4999
5295
2152
6330
6428
5477
5059
5937
6467
6016
6198
20 round of counting
1
0
0
0
0
0
0
0
0
0
0
0
0
0
0
0
0
0
0
0
0
0
0
0
0
0
0
0
0
0
0
21 round of counting
1
1
0
0
0
0
0
0
0
0
0
0
0
0
0
20
5
1
0
0
0
0
0
0
0
0
0
0
0
0
0
22 round of counting
2
2
0
15
4
1
0
0
2
0
0
0
0
0
0
0
0
0
0
0
0
0
0
1
0
0
0
0
0
0
0
23 round of counting
27041
19125
156016
155854
22409
14306
156414
153982
156385
158612
158779
158843
159371
157948
55707
156867
156193
154228
162929
161852
162168
162676
57869
160106
169458
167435
160934
161812
168913
163239
161811
24 round of counting
0
0
1
0
1
0
0
2
0
0
0
0
0
0
1
0
1
0
0
0
1
0
0
0
0
0
0
0
1
0
0
25 round of counting
12000
11447
29302
29248
12886
11978
34819
34803
33278
35051
39780
39608
29188
29151
15533
27417
27390
26823
33332
38833
33397
41451
20461
41802
41886
36327
33307
36960
40175
39687
38009
26 round of counting
1034
873
2249
2220
883
804
2311
2268
2270
2432
2392
2379
2413
2380
1195
2236
2207
2223
2405
2419
2379
2376
1281
2363
2422
2396
2339
2407
2407
2405
2388
27 round of counting
14987
14063
44241
44058
16813
15189
53700
53598
51412
55500
65205
64865
43549
43422
21012
40100
40163
39372
51773
59857
52162
67595
29012
64078
64320
55779
52018
57972
63230
62942
59325
28 round of counting
415
377
1314
1314
408
366
1422
1424
1422
1270
1270
1270
1270
1270
624
1270
1270
1270
1468
1414
1468
1360
688
1470
1468
1468
1470
1468
1468
1470
1468
29 round of counting
45080
45514
67500
67050
47203
46320
67964
69694
67767
82682
94230
92089
69219
68391
51592
66106
66703
65615
66923
68350
67437
82464
52632
69502
70487
67043
67426
71745
75139
76917
71690
30 round of counting
0
0
0
0
0
0
0
0
0
0
0
0
0
0
0
0
0
0
0
0
0
0
0
0
0
0
0
0
0
0
0
31 round of counting
0
0
0
0
0
0
0
0
0
0
0
0
0
0
0
0
0
0
0
0
0
0
0
0
0
0
0
0
0
0
0
32 round of counting
0
0
0
0
0
0
0
0
0
0
0
0
0
0
0
0
0
0
0
0
0
0
0
0
0
0
0
0
0
0
0
33 round of counting
0
0
0
0
0
0
0
0
0
0
0
0
0
0
0
0
0
0
0
0
0
0
0
0
0
0
0
0
0
0
0
34 round of counting
0
0
0
0
0
0
0
0
0
0
0
0
0
0
0
0
0
0
0
0
0
0
0
0
0
0
0
0
0
0
0
35 round of counting
0
0
0
0
0
0
0
0
0
0
0
0
0
0
0
0
0
0
0
0
0
0
0
0
0
0
0
0
0
0
0
36 round of counting
0
0
0
0
0
0
0
0
0
0
0
0
0
0
0
0
0
0
0
0
0
0
0
0
0
0
0
0
0
0
0
