0 round of counting
185209
156330
133033
133138
132757
139711
160839
132518
132285
175080
1486490
1976266
2009689
35735440
38605577
34308321
22699231
21909475
21014176
24343138
27913541
24691692
37931327
37014794
36723777
2976949
3737214
3831748
33986671
30363168
27427737
4992920
4962658
6126763
22245932
29194588
18295426
9096353
5340188
5978279
2154316
2245165
493114143
27370437
47406174
94677216
146465607
225905097
235221028
280564119
349823509
401025299
208575001
496371886
2815966
2840662
369079013
369078888
270545329
270546379
74709471
74707420
69981164
69980267
69972166
69975039
68256594
68259146
210030358
228493536
122259317
162140504
160676206
166817174
76475265
114380744
1 round of counting
337598
240665
207960
206308
205219
214081
234776
205194
205302
252054
1504491
1999446
2427334
36796109
39311574
36084276
21759264
21148276
20684337
24807606
28389232
24688762
39435668
37760418
37519848
2940778
3629602
3698161
33695445
29260593
26099835
4633867
4716210
5770367
23212033
31399354
18976024
9098063
5329479
5889201
2291740
2334325
366286227
28601490
51295953
109899580
175349571
250778941
255984923
281791045
309166732
318999273
175095669
334261558
2761521
2701479
450603655
451734910
319785946
318596554
73563078
73128708
69120823
68142228
67366844
67372508
65522179
65749855
233708112
253917640
130746710
180294099
187961461
196657931
87049433
135565169
2 round of counting
1978
1615
1130
1064
1055
1175
1710
1113
1082
2116
24547
29197
27109
371744
386434
365417
209684
164506
226996
271043
248724
222289
336137
329019
359809
45188
53270
47609
193337
192754
188544
48762
46005
51950
354019
351525
321032
86756
76367
76874
32361
33673
928693
299086
581239
910655
1207136
1495691
1644955
2004390
2065874
2465798
2602795
2455575
33364
35153
1294892
1322749
1267991
1287600
1168957
1389326
1354875
1296583
1338403
1435137
1274299
1334746
1402666
1428290
877628
1020534
1274133
1394268
780609
982525
3 round of counting
2346
1699
1107
1076
1029
1208
1671
1086
1079
2116
23523
28057
27952
394865
380835
362731
239232
191406
204933
271809
252891
248359
341744
352443
362693
44691
53673
45224
189109
191328
181954
47545
47285
51730
398331
384795
312449
85523
76268
76983
32208
32467
947190
296025
593876
895658
1197192
1429977
1637651
1893938
2239868
2352769
2666855
2510479
33103
35434
1442839
1410013
1386010
1375824
1392131
1410290
1383156
1277130
1341157
1446566
1453239
1216908
1415316
1363897
836635
943253
1276765
1362677
731205
981928
4 round of counting
456
59
27
15
13
10
12
10
12
18
22
37
57
609
1236
1088
841
641
832
153
625
1250
1604
1416
1295
798
87
96
553
1232
1271
749
77
97
893
863
149
105
786
819
123
128
979
1196
1105
2700
1581
1291
3278
3757
2726
4204
4994
4420
758
115
1818
2964
2752
2811
2037
2461
3627
2713
2351
803
1528
1721
2129
3481
1746
2449
2854
1633
1332
1333
5 round of counting
9805
19120
19033
19052
18970
19263
19921
19067
19024
20889
60540
75363
61424
858457
856062
759506
505316
440548
424236
587435
633240
533870
796986
754414
802560
86259
93963
119876
688865
626995
589900
138484
121184
161931
623450
727017
479040
214882
168954
180483
83930
85541
5244791
636207
1082189
1794692
2493985
3641194
3303726
3830304
4291895
5000188
3879277
5200358
79515
97994
4247849
4259497
3562592
3505175
1912671
1832373
1760087
2031618
1841359
1809743
1797517
1732618
3219554
3565508
2298237
2723138
2512778
2698118
1431216
1961855
6 round of counting
90848
75945
68124
67889
67186
70473
78782
67483
66788
85033
566327
739568
750126
12592344
13600466
12048584
7749943
7477462
7277066
8341411
9553839
8533010
12886962
12717635
12783149
1086845
1337889
1346939
11199199
9806126
9006111
1680914
1643998
2009061
8605906
10959764
6944197
3162762
1988245
2143500
828446
868641
126145664
9874402
17393046
33901784
52608365
77663089
80547875
91862316
107431328
118518855
69774517
135579048
1026881
1011942
125382691
125438963
92546055
92815856
29023808
28887300
27677548
27463848
27330501
27185094
26511403
26559209
72901621
78116516
42304042
56434630
57436283
59450465
27490081
40870235
7 round of counting
8845
568
105
139
134
111
90
96
117
118
758
931
869
1439
1851
1712
4075
11173
11111
3192
8848
4758
13990
10506
1509
1374
1011
1314
3388
9029
1466
1522
2221
11930
1991
12465
14519
9012
2929
12075
774
967
9621
10894
6947
16526
21594
19248
17019
21748
28345
28011
33128
28021
8131
12048
18224
24028
23580
19771
20759
10856
13057
22208
10997
17529
19224
12662
21190
22315
12944
16801
23124
20767
10996
17937
8 round of counting
10596
17295
17412
17352
17385
17433
17639
17346
17356
17805
36429
43828
48275
463263
475735
413031
289120
327658
258029
318081
377835
310715
488138
468561
458277
56588
70258
73985
512869
429631
404478
82570
91506
109868
270411
342943
223724
158890
93314
103053
50549
47811
4468326
387213
533226
971667
1427962
2255420
2004033
1970873
2312043
2706048
1513122
2766563
52945
64018
3005886
3005930
2287888
2257889
628016
627233
567068
578679
591858
567715
601531
596118
2030087
2288390
1468297
1877912
1319772
1336058
771880
1048687
9 round of counting
18801
18240
18089
18057
18059
18130
18288
18077
18065
18507
39314
49170
49581
444391
485584
420009
307385
337456
287792
310660
389615
336167
492354
470798
475071
61047
70971
75041
514562
445496
412754
93857
91839
111073
278002
371125
235917
160511
93377
104566
53261
54702
4506969
395793
559016
1024310
1452269
2316376
2061200
2057130
2432267
2764781
1633815
2857713
63221
65022
3075931
3069456
2332249
2327105
719814
689749
660122
667336
644780
630843
630797
635486
2114458
2353335
1512375
1864667
1382336
1430277
789082
1122544
10 round of counting
7025
342
5
5
6
3
3
1
4
5
399
765
539
1000
1415
3994
9948
8724
990
4253
10217
2709
12461
7826
3151
10185
544
884
10438
1036
906
1168
1100
11108
3286
11471
10138
834
777
743
905
826
2589
11006
5029
19278
13367
23403
11272
18288
29041
22329
30247
27753
8767
536
10980
22692
20305
21420
12764
18771
22273
11273
19386
19897
18141
17185
19050
20102
10762
17302
10238
16023
8188
6204
11 round of counting
54298
42550
35413
34839
33634
36393
46284
34527
34017
54272
569682
783512
796672
17265326
18369843
16600279
9797785
9996510
9384047
11207753
13145715
11432447
18377559
17853943
17841728
1207095
1512011
1573374
16368008
13717414
12556178
2108406
2067390
2593372
10149500
14466219
8180312
4167728
2321423
2582970
914940
952655
183656201
13161251
23372211
52050087
84005507
122932240
124369485
137785449
151236993
155483185
75989695
161631835
1094390
1183026
229528760
229257133
158876561
159138607
30786659
31289730
29104667
28451928
28010166
27923609
26518072
26216003
115049895
125257825
63562713
89024140
91412248
95157415
40731071
65169632
12 round of counting
53800
42677
35097
34313
33750
36355
46129
34385
33618
53801
563114
781729
794989
17151442
18395974
16436351
10072649
10067433
9284788
11301017
13144316
11443111
18395401
17886231
17713757
1199930
1509789
1579061
16379592
13876482
12570118
2118668
2077088
2585740
10192098
14443016
8079420
4161462
2312399
2549991
909596
954751
183575401
13167630
23363540
51802293
83865485
123450605
124574896
137491243
150873460
155074336
76355901
162194216
1171052
1182088
229157822
229596900
159546021
158595813
30730392
31126952
28914111
29068085
28079335
27978641
27334112
26960099
115268060
125330627
63965571
89347846
91737161
95440313
40417621
65372496
13 round of counting
2075
1596
929
893
940
1036
1288
921
889
1712
17094
20549
20664
254747
291336
254345
173804
137824
159509
192722
182527
176339
211382
249525
258001
33779
38616
33874
141226
141697
132548
35199
33144
37021
281946
272552
229566
61388
55402
53830
24149
23637
685902
204924
427501
650281
846626
1033218
1246053
1424245
1553526
1648418
1909043
1887545
24689
25329
979862
1016110
1010253
971439
954012
1020425
983307
912877
972701
950949
994202
954521
1016785
982524
571860
708626
992214
986840
558149
661005
14 round of counting
142497
120277
104290
103738
102529
108724
127884
103008
102800
140081
1107678
1486982
1525241
29406193
31552183
27713324
17275104
17235794
16305266
19050432
21502015
19165924
29766356
29342373
29565506
2222537
2797255
2821881
27448917
22839952
20849093
3535732
3564283
4365324
18191870
25312455
14775390
7073897
4224594
4462506
1666075
1653475
304479798
22296290
39291462
83349507
133216012
199866248
202462822
227481346
258398766
275330206
145090379
297790032
2083761
2060190
345161000
344872510
245732591
245651779
58227013
58424743
54692937
54865441
53991636
54038258
52218027
52100874
186525495
201784480
105593112
144199687
145193365
150935037
65888400
103737470
15 round of counting
148788
132490
117211
117033
116009
121561
140903
116070
115529
154147
1148151
1537387
1557362
30108053
32052250
28458029
17983538
17282419
16652150
19413888
22222631
19513361
30667659
30056908
29905525
2325397
2862257
2880143
27769660
23182876
21561083
3712376
3649870
4494904
18631306
25735519
15493892
7342961
4343693
4698161
1747924
1802300
307608701
22871416
40361525
85220897
135916566
202851558
205819087
230520025
261580419
279325871
150046296
303122518
2158751
2164163
348419562
349265353
249112733
248694444
61025366
60560614
56918455
57017645
56370374
56438078
54383774
54691209
189206689
205393496
106912076
146616076
148255055
154162256
67252683
104965132
16 round of counting
7222
13505
13018
13233
12984
13278
13663
12987
13018
14244
42240
42828
48527
517823
616423
501883
361011
323717
309924
363358
399677
373910
537143
521444
518807
66595
79257
74124
370824
335363
349287
81922
78726
91501
497365
527125
405293
149475
106024
117026
54111
47946
2175735
439630
790132
1258277
1707577
2179064
2389201
2536800
2948027
3440602
3148049
3502536
48884
58057
2701645
2766830
2253553
2236742
1438557
1441493
1495711
1391764
1468326
1513080
1428877
1496764
2164675
2248037
1322638
1627626
1860131
1879420
1040770
1357203
17 round of counting
89809
78394
70165
70133
69573
72458
81956
69581
69504
87548
555068
717558
725025
12986721
13731438
11875399
7737548
7199853
7039438
8101885
8862635
8027139
12279631
12193544
12228866
1076153
1302428
1260000
11132197
9193376
8742191
1551026
1525911
1858116
8767591
11570186
7113033
3079363
1961739
2038029
803068
827086
123171143
9663200
17068826
33283007
51676931
79079529
81071234
92442544
109538647
123029562
73774804
141325733
944472
939410
118759177
118886353
89377106
89372077
30068903
30036276
28706432
28709426
28666165
28640190
28097215
28087899
73756789
79751407
43269828
56914697
56525521
58139746
26896540
39613085
18 round of counting
97439
90159
82261
82205
82347
86821
94634
81896
81725
100385
579859
747370
753795
13245814
14049440
12137155
7928840
7375679
7216032
8298356
9099543
8240189
12543979
12503761
12519319
1109355
1340558
1300555
11385250
9426973
8973366
1598284
1573116
1902653
8983680
11788636
7301890
3185015
2023998
2105870
832658
857008
124791027
9914357
17445500
33918410
52749269
80453502
82417717
93874643
111179250
125022451
75148197
143175593
972567
975746
120696361
120610604
90778394
90842525
30705447
30731580
29382202
29333372
29274322
29295748
28757454
28807902
75080884
81254187
44147876
57983052
57350243
59038594
27421140
40264450
19 round of counting
5503
11514
12166
12104
12066
12183
12218
12075
11986
12529
24511
27956
27926
283993
290948
251770
186953
194928
177560
180846
215897
193370
284330
284873
263448
28792
40175
39595
253397
221098
214560
40932
38623
48556
210778
243186
171161
81019
48985
59950
22951
30107
1532873
256207
395432
692364
965178
1358412
1324296
1401393
1572728
1892737
1281260
1773164
25754
32668
1670471
1680105
1332533
1337819
584012
592987
589637
572164
554989
552486
582190
547342
1249357
1326148
821828
1047583
902274
960829
519907
691470
20 round of counting
216
0
0
0
0
0
0
0
0
0
55
103
229
400
350
82
365
350
106
92
408
375
109
238
119
84
16
73
78
124
35
43
81
4
95
134
267
139
2
52
169
2
379
439
290
1021
445
674
545
374
1292
659
1283
439
37
18
623
377
1220
844
527
462
1244
349
376
495
256
648
861
626
189
417
451
264
205
522
21 round of counting
35
4
0
0
0
0
0
0
0
0
75
67
5
212
640
71
8
16
346
17
292
231
62
85
325
66
151
69
67
18
33
10
3
19
31
113
126
43
0
1
6
0
230
116
168
141
1104
978
2067
2254
1414
1550
922
2047
44
1
294
596
68
63
169
31
211
330
107
67
210
6
534
67
20
26
219
61
14
64
22 round of counting
252
3
0
0
0
0
0
0
0
0
55
212
399
881
868
694
194
240
566
632
722
447
536
318
282
39
1
0
335
425
250
192
3
2
135
484
554
219
27
155
87
3
212
176
220
929
1471
2309
1036
2495
2199
1283
1301
1881
62
46
929
772
1736
532
223
1313
325
617
950
1897
1322
364
277
540
206
1045
2278
702
366
722
23 round of counting
39521
24403
15559
14977
15935
16850
24154
15062
14447
31067
385060
478869
474603
7848330
8709180
7629201
4158609
3981350
4410322
4520610
5405967
5182308
7822993
7581741
7937522
737971
851872
785459
5164158
4462612
4204832
850602
834203
962857
6936935
7420542
5503222
1719597
1295070
1294163
547757
555448
26598598
6030417
12179609
23872827
35759160
44941819
47365557
51297329
49859064
50867017
44986727
46685723
576462
585271
73127419
74092286
54967593
55650451
23800028
23128044
22166623
21256768
22395137
22079885
21429351
21055705
43077676
43965281
23834548
32676747
37616219
39496003
20078584
27358366
24 round of counting
1
0
0
0
0
1
0
0
0
0
1
1
1
19
16
19
15
13
7
9
16
14
18
18
15
1
1
1
14
17
13
3
1
2
16
9
11
5
3
3
1
2
165
9
25
55
75
107
112
126
130
143
91
159
1
2
195
194
136
143
46
29
35
36
28
29
42
20
107
98
55
91
98
98
37
60
25 round of counting
16557
15358
13236
13252
13209
14036
16617
13143
13151
18421
221769
322303
336653
6410253
7032179
6680767
4505704
4806349
4406188
5143045
6427247
5484385
8276384
7754208
7605635
482279
697960
816285
7669455
7474363
6157008
1203119
1214910
1544177
3335933
4669187
2770766
1929290
931330
1223764
328323
357191
112670848
5315475
8294801
16720027
24817182
37686471
37238188
42832457
52146126
58788382
27671627
70664661
571143
573845
65805507
65805430
46707383
46707499
9578814
9579390
8698213
8700574
8699627
8697957
8379047
8378446
34745044
38160324
21800014
28777678
25709546
26800143
13404860
20027290
26 round of counting
720
312
285
252
192
244
391
232
192
505
3902
7476
7649
367524
395314
350631
157106
174364
141434
198779
245288
201364
401349
389877
392323
10990
12675
13290
343124
240009
227481
20451
18990
25612
148374
306118
114629
66379
30532
28324
10847
11484
2132796
259954
534738
1624049
2901260
4083903
4015194
4044276
3558921
2713761
586078
1334892
11695
11991
9535030
9548900
6188088
6185622
403510
405501
264520
258552
250899
255159
199067
202104
3813364
4162846
1846515
2931800
3177763
3390721
1214140
2257160
27 round of counting
21615
19604
15545
15585
15503
17032
21704
15354
15413
24967
329125
461936
476029
10071072
10905249
9500383
6582753
6614035
6053236
6869630
8204577
7130431
11002695
10555964
10461394
714772
948943
1035401
10911082
9600022
8580340
1460572
1457729
1857738
5517688
7945811
4544629
2698552
1382486
1631257
495021
525314
148128582
7721493
12395060
25317364
39385567
63640195
62438326
71594372
88680896
101908850
49763940
123721619
739807
745658
99210460
99210894
72565093
72566463
17168807
17169862
15850412
15849764
15877118
15878834
15399139
15400723
58248867
64441917
36139467
46910541
40983789
42656304
20009428
30127173
28 round of counting
72393
72132
71721
71750
71796
71997
72703
71721
71721
72573
205108
289297
287470
3383841
3445738
1266081
2072032
1965048
1260219
608365
620544
610976
1073679
1137066
1307899
387832
329907
324371
4558552
2110244
3075517
374401
339290
432497
1109939
3206179
991659
1089253
542432
434855
360636
362478
3137923
1996416
1202501
2793132
6610550
22096176
12094019
4845284
5048748
9230452
3449613
3203059
352536
353390
1373115
1373115
5653165
5653165
1241421
1241421
1240791
1240791
1319792
1319792
1319734
1319734
18121487
22611661
16639575
17552144
1267706
1252868
833346
1033308
29 round of counting
344587
118719
111840
111829
111987
113017
115579
111489
112329
117522
322439
394732
396694
4511023
4572011
3519772
2444170
2356438
2175820
2284304
2393565
2249381
3851344
4261440
4086117
1069907
546398
517133
3681829
2393387
2733721
594413
527791
636188
3334635
4542556
2721750
1226779
867596
770244
449612
474786
15954836
3607438
5437868
9345309
14333879
22981888
21415125
21773311
24172635
30327192
23080837
29522020
524318
451305
22454173
22358656
19871831
19770914
12074665
12539587
11026961
10427821
10651138
10858551
10622699
11392048
21611185
22864283
14072241
17675730
15011882
14075090
7439018
9784578
30 round of counting
136
114
82
82
82
82
96
82
82
162
42114
62722
62722
80064
80064
80064
80064
80064
80064
80064
80064
80064
80064
80064
80064
80064
80064
80064
80064
80064
80064
80064
80064
80064
80064
80064
80064
80064
80064
80064
75336
76896
80064
80064
80064
80064
80064
80064
80064
80064
80064
80064
80064
80064
80064
80064
80064
80064
80064
80064
80064
80064
80064
80064
80064
80064
80064
80064
80064
80064
80064
80064
80064
80064
80064
80064
31 round of counting
138
116
84
80
78
80
112
84
84
164
42221
63020
63020
106719
108748
89432
97831
100995
91450
81779
82497
82241
87364
87284
88322
80795
80122
80103
112588
96478
108242
80604
80265
80651
86871
101190
88643
88722
82237
81099
76102
77622
113896
108124
93514
120466
177584
291972
239450
163205
159713
251206
107787
121998
80486
80478
80198
80198
131858
131858
80066
80066
80064
80064
81830
81830
81828
81828
271528
293654
219572
258619
80458
80186
80467
83172
32 round of counting
10
9
6
6
4
7
10
6
6
12
153
181
181
2608
2705
2569
1542
1188
1476
1786
1666
1648
2226
2366
2365
283
345
295
1221
1234
1169
298
302
326
2579
2562
2063
522
485
479
197
199
6223
1897
3974
6013
8066
9984
11971
13936
15923
17835
19904
19904
203
203
10093
10093
10092
10092
10081
10081
10079
10079
10081
10081
10079
10079
9996
9913
5536
6920
9996
9913
5536
6920
33 round of counting
10
9
6
6
4
7
10
6
6
12
153
181
181
2608
2705
2569
1542
1188
1476
1786
1666
1648
2226
2366
2365
283
345
295
1221
1234
1169
298
302
326
2579
2562
2063
522
485
479
197
199
6223
1897
3974
6013
8066
9984
11971
13936
15923
17835
19904
19904
203
203
10093
10093
10092
10092
10081
10081
10079
10079
10081
10081
10079
10079
9996
9913
5536
6920
9996
9913
5536
6920
34 round of counting
284
239
172
168
164
169
218
172
172
338
84488
125923
125923
189391
191517
172065
179437
182247
172990
163629
164227
163953
169654
169714
170751
161142
160531
160462
193873
177776
189475
160966
160631
161041
169514
183816
170770
169308
162786
161642
151635
154717
200183
190085
177552
206543
265714
382020
331485
257205
255700
349105
207755
221966
160753
160745
170355
170355
222014
222014
170211
170211
170207
170207
171975
171975
171971
171971
361588
383631
305172
345603
170518
170163
166067
170156
35 round of counting
2
2
2
2
2
2
2
2
2
2
2
2
2
2
2
2
2
2
2
2
2
2
2
2
2
2
2
2
2
2
2
2
2
2
2
2
2
2
2
2
2
2
2
2
2
2
2
2
2
2
2
2
2
2
2
2
2
2
2
2
2
2
2
2
2
2
2
2
2
2
2
2
2
2
2
2
36 round of counting
282
237
170
166
162
167
216
170
170
336
84486
125921
125921
189389
191515
172063
179435
182245
172988
163627
164225
163951
169652
169712
170749
161140
160529
160460
193871
177774
189473
160964
160629
161039
169512
183814
170768
169306
162784
161640
151633
154715
200181
190083
177550
206541
265712
382018
331483
257203
255698
349103
207753
221964
160751
160743
170353
170353
222012
222012
170209
170209
170205
170205
171973
171973
171969
171969
361586
383629
305170
345601
170516
170161
166065
170154
