0 round of counting
40788
23214
11362
15144
18137
288912
289241
2918353
3177552
12094
209099
2209452
2184147
1116207
2624032
12360
12647
3075370
1 round of counting
25137
25142
18698
20916
22042
205186
206133
1954887
2155686
19030
148845
1482087
1475636
761761
1801575
19022
18679
2016380
2 round of counting
925
849
665
667
703
4195
4618
39899
36942
669
3300
26323
25219
13127
37239
650
610
40015
3 round of counting
931
847
630
656
688
4152
4685
34922
37262
658
3240
28692
28579
15177
37966
666
642
40550
4 round of counting
3
0
0
0
0
0
0
14
1
0
0
0
0
0
0
0
0
0
5 round of counting
1151
1057
845
913
900
4413
4636
35808
40035
938
3808
26835
30949
15786
40199
899
880
41941
6 round of counting
6692
7270
5117
6024
6970
99105
102923
1009236
1084298
5467
72208
753467
744557
384918
906814
5506
5326
1039137
7 round of counting
1
0
0
0
0
0
0
0
0
0
0
0
0
0
0
0
0
0
8 round of counting
244
224
219
223
217
337
611
1995
3811
238
403
2816
1918
1567
2965
238
214
1887
9 round of counting
237
231
225
231
215
425
435
3552
2029
242
453
2244
1530
1540
1958
237
217
1996
10 round of counting
0
0
0
0
0
0
0
0
0
0
0
0
0
0
0
0
0
0
11 round of counting
12137
11120
8401
9113
9844
89688
89281
884433
965562
8449
67011
645293
638939
330899
784963
8495
8433
890266
12 round of counting
12182
11030
8753
9259
9945
89005
91827
858656
948224
8663
66060
640991
636456
326797
778397
8561
8504
885245
13 round of counting
795
685
595
603
570
1729
1742
12576
12821
611
1364
9260
9151
4922
10715
600
569
11668
14 round of counting
17122
17880
12584
14809
16556
213157
209110
2078313
2270806
12812
151457
1551757
1541199
787675
1851570
13032
12886
2150884
15 round of counting
18825
18580
13239
15076
17108
214856
211806
2126273
2311924
13322
153841
1565072
1556389
793668
1899077
13679
13302
2172726
16 round of counting
1032
939
799
792
780
1997
2040
13578
13429
855
1653
12216
10591
5791
12336
844
763
14428
17 round of counting
6068
7040
4398
5757
6960
120810
120981
1232422
1335954
4609
87387
917972
911360
464584
1107803
4781
4719
1275141
18 round of counting
6508
7319
4700
6089
7250
122726
121451
1235892
1349633
4849
87343
922569
920623
465668
1136978
4935
4863
1277106
19 round of counting
229
217
217
215
204
355
329
1481
1636
237
388
4121
1105
670
1398
228
217
4063
20 round of counting
0
0
0
0
0
0
0
1
0
0
0
0
0
0
0
0
0
0
21 round of counting
1
0
0
0
0
0
0
0
0
0
0
0
0
0
0
0
0
0
22 round of counting
1
0
0
0
0
0
0
0
0
0
0
0
0
0
0
0
0
0
23 round of counting
10875
10548
8602
8822
8925
15588
15751
82014
99381
8919
14176
63509
62628
36034
73069
8720
8688
92931
24 round of counting
0
0
0
0
0
0
0
1
1
0
0
1
1
0
1
0
0
1
25 round of counting
1882
2351
1440
1952
2386
37945
38012
393282
440107
1510
27804
294384
292907
148333
357564
1576
1630
418062
26 round of counting
218
134
116
107
82
226
318
2190
1225
95
217
380
575
262
1993
101
96
213
27 round of counting
3274
4038
2630
3405
4061
63027
63118
643461
711185
2781
45929
484948
481340
244781
581320
2861
2901
683128
28 round of counting
1579
1909
928
1578
1909
19419
19419
177459
177459
928
13787
137337
132730
70078
156339
928
1253
177459
29 round of counting
2282
2241
1170
1845
1793
56073
57529
563334
584465
1810
37833
446049
427932
226200
503117
1497
1277
575769
30 round of counting
61
61
61
61
61
61
61
61
61
61
61
61
61
61
61
61
61
61
31 round of counting
482
602
242
482
602
12602
12602
120542
120542
242
8762
93002
89762
47042
106142
242
362
120542
32 round of counting
180
240
60
180
240
6000
6000
60000
60000
60
4080
46200
44580
23220
52800
60
120
60000
33 round of counting
180
240
60
180
240
6000
6000
60000
60000
60
4080
46200
44580
23220
52800
60
120
60000
34 round of counting
723
903
363
723
903
18663
18663
180603
180603
363
12903
139263
134403
70323
159003
363
543
180603
35 round of counting
0
0
0
0
0
0
0
0
0
0
0
0
0
0
0
0
0
0
36 round of counting
723
903
363
723
903
18663
18663
180603
180603
363
12903
139263
134403
70323
159003
363
543
180603
