0 round of counting
47247
19005
11741
5234
38190
43384
44580
45150
45837
46534
45455
46320
51449
149964
171938
122336
119475
195237
75102
88616
72697
86838
97059
127015
43611
199338
178525
39990
121463
838470
4205186
55362
971098
3905667
4200555
4930593
2775478
20230
31064
41793
45522
49713
837853
74151805
74150857
120535899
151347
8824672
83644460
83640941
74143678
74175789
74183156
74168030
48946217
48916232
48924748
48926077
48950673
48995282
48988935
49023597
49403521
48982322
49007260
49001058
49000197
49005081
48999265
49001733
49020836
102034336
91016996
102060269
85809431
1 round of counting
50966
25883
20149
11230
51808
68576
68785
57935
60031
56684
55606
57262
61165
160258
158807
122492
117267
178955
83405
93553
79646
89970
99367
127997
57626
181170
167223
52051
119692
707420
3291476
73013
781655
2865411
3264368
3819331
2115296
32514
43489
53893
57254
58688
701455
60061136
60161018
77837707
215006
6653373
63150816
63514892
60073385
59798520
60166311
60436658
39556384
39297684
39437396
39239776
39047217
39295118
39251146
39226753
39605817
39358236
39613865
39546272
39400454
39416622
39355248
39388375
39408381
70878954
65861247
70125919
63162849
2 round of counting
994
957
809
488
1736
1798
1793
1853
1783
1831
1758
1732
1762
2278
1911
1941
1932
1969
1838
1924
1847
1740
1897
2044
1735
1980
1992
1689
2016
2175
2997
1888
2613
3604
2662
3104
3069
1067
1509
1776
1772
1790
2112
7233
7067
9629
2030
4716
9524
8988
6847
7623
8079
8012
8278
8689
5707
5947
6167
5872
5584
6645
6166
5474
5338
5383
5281
5525
5405
5375
6123
9335
9592
9101
9056
3 round of counting
1326
919
807
532
1696
1801
1795
1826
1838
1717
1695
1762
1726
2319
1997
1977
1859
1995
1844
1904
1813
1847
1848
1958
1824
1946
1998
1732
1977
2195
3439
2087
2847
3497
2963
3160
3174
1068
1508
1772
1815
1810
2160
7781
8672
12683
2830
5026
10660
10710
7999
9579
9048
8793
8399
7351
6464
6577
6635
7058
6910
6573
6830
6598
6354
6070
6052
7223
6398
6389
6910
11164
11527
11524
10629
4 round of counting
312
28
4
2
5
21
5
2
3
3
2
0
1
90
24
9
6
8
0
10
0
1
1
0
1
2
2
3
0
10
288
460
159
61
34
31
11
4
4
1
1
0
4
599
1418
2892
597
367
1345
1513
1221
1275
1788
1272
1222
1034
1012
1056
1434
1114
1224
1171
1223
1100
1074
1010
832
929
614
1163
1392
1620
1746
1675
1489
5 round of counting
1388
1344
1145
688
2443
2564
2659
2560
2519
2544
2517
2507
2553
3420
2931
2930
2837
2917
2706
2830
2611
2615
2664
3006
2640
2939
3063
2513
2844
4181
8356
2697
6239
14344
9053
10368
7179
1059
2151
2554
2560
2578
3939
149226
159186
768101
3275
34081
320951
320626
147481
157904
160764
158675
101119
93297
87478
94665
91756
89693
91438
96343
98623
107282
108419
104523
108411
101823
105699
109129
103729
569148
427416
538637
328615
6 round of counting
10004
7974
6329
3107
19001
20822
20844
21031
21073
20985
20666
21129
22607
52853
52080
40313
38425
56248
29006
31804
27307
30764
33780
42738
20911
57763
53876
19844
40063
207776
1031221
28023
266233
1140407
1030660
1198827
718519
11044
15982
20039
21617
22536
206343
17208379
17272814
32462611
58026
2299270
21104630
21328369
17261732
17345576
17254050
17670814
11929194
11355932
11642983
11935022
11817682
11850815
11577460
11665042
11757719
11658638
11681622
11435781
11867241
11781289
11495519
11484744
11679002
24757269
23378360
23057995
22151395
7 round of counting
364
26
2
2
7
16
0
0
4
3
3
2
3
110
20
5
5
3
3
12
0
1
4
1
0
2
1
0
0
48
378
4
25
329
7
3
10
0
0
0
0
0
0
7326
3210
93825
803
3157
24241
36187
9382
3422
1629
1859
1394
4388
10044
6267
1668
4826
9569
1830
6210
8035
12039
6347
11910
1786
7275
1455
8186
34050
38711
16518
25393
8 round of counting
377
345
321
197
771
761
755
766
753
745
751
766
757
1195
973
894
895
937
825
999
803
805
878
925
791
971
949
772
892
1909
5541
850
3485
11338
6149
7105
4658
458
608
706
747
729
1895
145051
150457
835123
1264
31758
322272
309246
141663
151924
152394
152337
94097
82620
85451
86905
86790
82482
84599
86734
91064
95982
99952
103261
97159
100026
103862
104403
99662
583863
437840
536960
330381
9 round of counting
430
335
323
199
768
761
740
721
722
743
750
741
737
1192
969
906
891
966
826
963
826
899
858
922
784
927
956
790
865
1995
6083
808
3639
11758
6009
7229
4600
473
634
772
783
788
1901
150519
152417
940432
1416
33151
344938
344529
150226
153211
154254
152810
95008
90075
90789
90611
90602
91671
91394
92143
100039
104789
108550
107958
108094
108106
108109
108565
108521
613121
473172
557554
352263
10 round of counting
104
16
0
0
5
0
0
0
0
0
0
5
4
11
1
1
0
4
0
2
0
0
1
0
0
0
0
0
0
29
181
1
13
223
2
4
0
0
1
0
1
0
0
4944
2077
73042
160
2292
25675
30347
7811
1402
1166
344
366
2516
3998
5561
6534
7053
6765
5092
5168
7790
6413
6675
5680
6887
6297
8757
7403
34812
23190
16374
21146
11 round of counting
17816
12636
9707
5049
25283
28334
28291
28062
27967
27708
27067
26768
28590
65123
62120
49804
51266
71530
39380
40448
35589
37486
41744
53800
28151
67464
65609
25662
49256
229647
988367
34962
271710
911220
979561
1154502
661546
19470
21574
26913
28670
28414
230055
17142182
17255331
25098668
71261
2050735
18765336
18641903
17245724
17081272
17178600
17276728
11364389
11458233
11340598
11450629
11214645
11234665
11434693
11337660
11646423
11338215
11275834
11396626
11401896
11462292
11295530
11405824
11480806
22992152
20326660
22919355
19386564
12 round of counting
17640
12354
9897
4959
24932
27457
27363
28136
27722
27363
26629
27000
28008
64610
61589
49077
46445
65621
37589
39251
34877
36859
40978
52410
27706
66862
65641
25815
48211
230593
983052
34682
270236
912941
984171
1148627
656296
16204
21347
26451
28624
28699
226819
17335763
17158607
25468916
72308
2046084
18845332
18441805
17146762
16978782
17187700
17292216
11359871
11386128
11342566
11332518
11281976
11433328
11361729
11444938
11637057
11325766
11402817
11459578
11333905
11401023
11405096
11267781
11291387
23978705
20218119
23133892
19063566
13 round of counting
1043
559
442
303
645
673
624
641
637
642
650
657
636
916
759
811
684
810
762
695
619
570
622
706
636
806
874
597
693
1035
2481
1155
1424
2474
2125
2632
2348
890
1205
1359
1385
1375
1662
6375
8326
10458
1603
3823
8604
8375
6516
7733
8340
7745
7981
5984
5357
5718
5616
6602
5198
5455
5459
5223
5085
4988
6189
5407
5628
5036
5112
9503
9729
9662
10587
14 round of counting
24966
18744
14337
7094
42889
47615
47032
47740
47993
48234
46470
46895
51072
121152
119438
92229
88602
130574
67613
72742
62793
69354
77191
99199
48308
133269
126316
44280
91050
489214
2310257
59695
596744
2219312
2300429
2699010
1555916
26149
35956
45671
49066
49924
484750
39923063
39842776
65406867
130427
4945090
46144417
45721594
39806116
39682251
39670465
39782207
26237722
26344349
26166383
26283330
26187831
26371564
26360929
26407825
26783801
26148571
26303376
26358576
26244108
26365254
26350321
26362828
26444773
54396580
49583317
53514011
46344719
15 round of counting
25883
19291
15205
7363
44273
48922
49478
49402
50166
49588
48147
48919
51546
123968
121327
93966
90647
132448
68717
74744
64159
71135
79809
101166
50147
136537
128576
46215
92906
491280
2314045
60844
600858
2242255
2311024
2699213
1558812
26706
37108
46906
50138
51708
487670
40011565
39929302
65973880
126849
4976550
46331853
45808565
39901850
39875303
39761821
39878362
26295991
26405175
26362507
26291990
26431812
26483322
26354134
26270128
26751319
26403453
26373403
26417696
26429788
26355162
26470319
26355131
26508105
54502647
50181887
53735768
46393940
16 round of counting
1622
1138
980
631
2090
2164
2141
2079
2160
2100
2033
2092
2054
2923
2570
2380
2357
2433
2256
2392
2214
2123
2337
2477
2145
2571
2481
2189
2357
3193
6358
2249
4623
10108
6343
6940
5508
1323
1796
2093
2110
2127
3028
86597
93724
402581
3525
22642
204938
199682
86455
95817
96755
93375
63024
56545
53787
51106
56330
53683
55841
56238
54695
58821
62237
58245
65318
61805
65480
65020
62223
242658
250763
188507
177051
17 round of counting
8328
6948
5607
2415
18597
20739
20953
21214
21190
21226
20832
21303
23065
58525
59271
44332
43079
65897
30792
34105
28689
33627
36777
47348
21010
67469
62316
19439
43752
259787
1324816
25863
323972
1309796
1322815
1544787
898128
10147
15077
19711
21013
22307
258381
22579000
22591339
39909064
60863
2900764
27160346
27188590
22583158
22601950
22613168
22597339
14939199
14902874
14917762
14905938
14925209
14942785
14952020
14976979
15143859
14953054
14963854
14964293
14964790
14968759
14972708
14970069
14975328
31445983
29259817
30171968
26940857
18 round of counting
8716
7343
5899
2671
19789
21568
21566
21677
22071
22017
21525
22019
23599
60093
60324
45075
44187
66923
31520
35085
29793
34569
37685
48474
21842
68593
63051
20508
44900
261407
1328932
26797
327059
1317677
1327042
1549566
901819
10632
15870
20375
21938
23269
260101
22661762
22676068
40391159
61015
2918486
27366768
27369267
22662458
22698317
22702940
22683858
15000021
14950446
14960933
14960637
14973492
14993349
14997566
15019483
15202515
15009376
15020017
15021460
15020275
15022542
15021453
15016419
15023598
31660274
29489376
30357614
27090035
19 round of counting
406
329
310
186
715
719
709
728
697
727
703
753
696
1104
928
822
790
884
803
910
767
768
772
872
720
902
924
698
814
1522
4029
771
2777
7500
4011
4679
3280
440
616
710
718
715
1443
80975
85971
389001
1301
18299
185897
183823
79036
88361
89914
86851
56468
50999
49196
46398
50609
49560
46819
50395
51199
54008
60126
56362
57014
55414
60109
59075
59461
216878
232911
174981
167615
20 round of counting
4
0
0
0
0
0
0
0
0
0
0
0
0
1
0
0
0
0
0
0
0
0
0
0
0
0
0
0
0
2
13
1
0
12
1
0
0
0
0
0
0
0
1
309
333
3475
79
69
743
831
329
330
327
330
218
5
2
6
2
3
3
43
155
6
0
1
1
8
30
0
1
1033
1286
674
808
21 round of counting
19
2
0
0
0
0
0
0
0
0
0
0
0
1
0
0
0
0
0
0
0
0
0
0
0
0
0
0
0
1
51
30
4
1
2
1
1
0
0
0
0
0
0
133
90
82
101
18
51
200
133
134
131
170
85
61
71
39
47
37
88
84
173
77
29
68
97
15
8
0
0
2
101
110
91
22 round of counting
26
3
0
0
1
0
0
0
0
0
0
0
0
2
0
0
0
0
0
112
90
61
58
8
0
1
1
1
1
4
15
2
1
13
1
0
0
0
0
0
0
0
1
353
494
3820
184
85
1302
1447
475
486
597
535
396
161
181
74
370
362
172
101
227
213
98
144
92
171
188
87
163
1500
1787
1057
1032
23 round of counting
31603
13120
10115
6463
22468
24624
23889
24037
24208
23131
22354
23086
23052
44438
27507
26155
25485
25830
25727
25672
24853
24061
24800
26539
24790
26329
27170
23327
25840
32511
49153
25536
48230
64365
46498
52971
52873
14375
18658
22048
22942
22710
29328
582276
486325
1662085
93619
133363
810730
807550
352743
524345
484422
467938
328484
154078
165441
182568
159376
402572
165439
174098
247804
164483
148596
133749
139474
149791
155717
150495
157549
902238
1073093
766870
643895
24 round of counting
0
0
0
0
0
0
0
0
1
0
0
0
0
0
1
0
0
0
0
0
0
0
0
0
0
0
0
0
0
0
1
0
0
2
1
2
1
0
0
0
0
0
0
24
22
31
0
3
29
25
24
25
26
26
15
18
17
17
16
17
17
18
15
16
17
15
17
17
18
18
17
30
30
31
28
25 round of counting
2206
2024
1657
753
5291
5846
5967
6028
6103
6113
6077
6148
6608
16647
18561
13925
13715
21410
9223
10362
8871
10273
11296
14547
5892
21787
19666
5474
13882
87362
386561
7350
94269
331149
385859
456185
249000
2743
4294
5741
6062
6454
87245
7069881
7070395
9488460
16853
762879
7283804
7283825
7069669
7072918
7073193
7072091
4657360
4655520
4656062
4656015
4658092
4660535
4660289
4661062
4686083
4658060
4659492
4658937
4658951
4659491
4658906
4659097
4660839
8964203
7863414
9307975
7682914
26 round of counting
402
256
165
80
417
511
501
473
443
424
392
397
441
1116
628
622
479
505
635
507
482
411
535
742
563
754
850
469
690
969
1440
901
2012
2544
1173
1534
1640
358
391
437
489
467
796
3291
3580
7056
1255
3201
6033
6274
3354
4380
4411
4603
4871
3515
4205
3460
4165
5283
4809
5719
11980
3342
3325
3072
3014
3108
3079
3502
3786
6667
6571
6110
5687
27 round of counting
3643
3440
2793
1280
8420
9703
9919
9978
10036
10081
9789
9890
10613
26667
27182
20052
19434
29107
14226
15291
13559
15108
16727
21259
9799
29608
27442
9108
19952
112281
542437
12306
140401
551934
541196
620262
391738
4807
7031
9464
10079
10585
112093
8168789
8169396
19200462
27168
1129898
10049326
10049389
8168156
8175148
8175427
8175131
5453757
5446827
5448812
5449474
5456011
5466357
5465202
5472426
5568741
5448618
5450787
5449331
5449452
5450904
5449632
5450043
5455166
15342056
12041158
15818627
10943425
28 round of counting
32
24
24
8
80
80
80
80
80
80
80
80
80
737
569
361
365
589
80
120
80
120
160
364
80
692
576
80
366
3384
17779
80
8408
35011
17779
21207
10674
32
64
80
80
80
3456
503253
500432
2161305
739
93910
1081838
1077715
499696
501555
507105
495833
300495
299715
299859
298187
298320
300981
300333
301285
316297
353924
367985
367928
366845
365227
365398
365615
364619
1268074
1256646
914708
914688
29 round of counting
3482
1485
1162
614
4773
4786
4877
5172
5788
5792
6025
6083
8299
35306
51366
34561
34519
66233
16502
22500
15917
21819
25007
34564
4449
65953
54974
4205
34571
319285
1589794
8556
316764
1278981
1585189
1871375
959872
2465
3651
5060
5009
6851
317688
31283525
31307366
33826621
42038
3184670
31521840
31499144
31346363
31235396
31305922
31251794
20411338
20453576
20544135
20375467
20476935
20478029
20256309
20390300
20479733
20497542
20615013
20461025
20510952
20574364
20413462
20553718
20568213
31545108
31513239
31287255
31199640
30 round of counting
0
0
0
0
0
0
0
0
0
0
0
0
0
0
0
0
0
0
0
0
0
0
0
0
0
0
0
0
0
0
0
0
0
0
0
0
0
0
0
0
0
0
0
0
0
0
0
0
0
0
0
0
0
0
0
0
0
0
0
0
0
0
0
0
0
0
0
0
0
0
0
0
0
0
0
31 round of counting
0
0
0
0
0
0
0
0
0
0
0
0
0
0
0
0
0
0
0
0
0
0
0
0
0
0
0
0
0
0
0
0
0
0
0
0
0
0
0
0
0
0
0
0
0
0
0
0
0
0
0
0
0
0
0
0
0
0
0
0
0
0
0
0
0
0
0
0
0
0
0
0
0
0
0
32 round of counting
0
0
0
0
0
0
0
0
0
0
0
0
0
0
0
0
0
0
0
0
0
0
0
0
0
0
0
0
0
0
0
0
0
0
0
0
0
0
0
0
0
0
0
0
0
0
0
0
0
0
0
0
0
0
0
0
0
0
0
0
0
0
0
0
0
0
0
0
0
0
0
0
0
0
0
33 round of counting
0
0
0
0
0
0
0
0
0
0
0
0
0
0
0
0
0
0
0
0
0
0
0
0
0
0
0
0
0
0
0
0
0
0
0
0
0
0
0
0
0
0
0
0
0
0
0
0
0
0
0
0
0
0
0
0
0
0
0
0
0
0
0
0
0
0
0
0
0
0
0
0
0
0
0
34 round of counting
0
0
0
0
0
0
0
0
0
0
0
0
0
0
0
0
0
0
0
0
0
0
0
0
0
0
0
0
0
0
0
0
0
0
0
0
0
0
0
0
0
0
0
0
0
0
0
0
0
0
0
0
0
0
0
0
0
0
0
0
0
0
0
0
0
0
0
0
0
0
0
0
0
0
0
35 round of counting
0
0
0
0
0
0
0
0
0
0
0
0
0
0
0
0
0
0
0
0
0
0
0
0
0
0
0
0
0
0
0
0
0
0
0
0
0
0
0
0
0
0
0
0
0
0
0
0
0
0
0
0
0
0
0
0
0
0
0
0
0
0
0
0
0
0
0
0
0
0
0
0
0
0
0
36 round of counting
0
0
0
0
0
0
0
0
0
0
0
0
0
0
0
0
0
0
0
0
0
0
0
0
0
0
0
0
0
0
0
0
0
0
0
0
0
0
0
0
0
0
0
0
0
0
0
0
0
0
0
0
0
0
0
0
0
0
0
0
0
0
0
0
0
0
0
0
0
0
0
0
0
0
0
