0 round of counting
62835
20609
22581
6711
11873
12462
15261
12750
12640
15893
15913
12690
12636
12462
15281
12734
640244
116056
129128
87628
1598895
422696
471222
472241
1728323018
8604809
14996
11878
8896
11854
12454
7336
359635492
618948478
11120000041
1 round of counting
74556
27505
31794
10981
16350
15304
18349
17095
16887
19044
18714
16768
16095
14694
17676
16658
745648
105888
121362
98972
1732425
402193
447286
454032
1489002658
7679682
19337
15705
10979
14035
14536
8897
264926512
540419225
11158042386
2 round of counting
1425
589
1031
339
483
431
467
479
473
471
501
488
470
440
534
472
9614
839
713
654
17929
949
803
759
4547003
29728
294
324
262
282
305
224
9345
27755
49707086
3 round of counting
1743
611
1147
380
474
412
455
497
512
478
471
484
480
408
475
496
10142
738
693
697
18918
842
816
845
4301178
58963
426
305
224
276
299
215
16228
50528
50156700
4 round of counting
297
42
3
0
5
0
1
0
0
3
6
0
0
0
0
0
92
17
1
2
21
2
2
1
14708
1277
126
6
7
2
0
1
657
2519
122891
5 round of counting
1952
745
1774
660
701
594
622
641
634
617
603
633
628
572
629
627
14040
1008
1103
1187
27160
1342
1356
2036
9597621
136917
443
455
393
414
431
348
573307
4802237
169310749
6 round of counting
19464
7682
10946
3517
5751
5727
6819
5973
5880
6989
6973
5905
5719
5604
6737
6111
272313
44692
51988
37898
650503
148450
168845
172190
577834907
3318059
9195
6084
4398
5710
5962
3728
119803991
209403310
4047545627
7 round of counting
305
48
8
1
2
0
1
0
0
0
0
0
0
1
0
2
72
3
0
0
1043
132
17
11
169419
729
16
5
5
1
5
0
11038
81568
1264524
8 round of counting
474
188
371
157
172
170
182
169
177
177
177
187
181
159
164
172
4401
266
304
527
9179
613
595
877
8626213
41703
145
133
118
116
118
125
683484
5273021
130836893
9 round of counting
456
201
371
159
164
173
175
168
172
173
172
174
177
166
171
177
4415
315
345
675
9402
623
668
1096
8899771
32446
141
135
130
124
134
126
688802
5365562
133318967
10 round of counting
14
6
0
0
1
0
0
0
0
2
0
0
0
0
0
0
13
0
0
0
16
0
0
0
165269
98
0
1
0
0
2
0
10305
77839
1173999
11 round of counting
30549
11323
14825
4354
8026
6993
8848
8364
7897
8740
8909
8039
7619
6900
8067
8099
391263
53209
62385
50500
894145
203375
232665
231283
721152464
3871085
9183
8390
5957
7856
8132
4850
121114426
220791431
4347924466
12 round of counting
30859
11491
14861
4510
8010
6921
8667
8207
8099
8870
8530
8301
7864
6734
8216
8068
381166
52830
61594
49661
914803
206958
235014
231438
717183214
3565424
8558
7548
5149
6872
7209
4170
126528654
223868228
4338697391
13 round of counting
1460
582
920
395
462
435
443
433
449
427
453
443
440
413
436
428
7428
577
612
582
14025
764
680
622
3831499
89644
463
441
391
417
436
363
4457
22830
44437071
14 round of counting
48119
18593
24543
7736
13298
12273
15322
13825
13669
16090
15839
13569
13035
12247
14944
13377
691272
105468
122321
91624
1668115
393825
451067
446355
1377465392
7344058
15795
13232
9199
12675
13323
7522
270121284
457541998
8600062305
15 round of counting
50538
19567
25517
7839
13886
12764
15877
14529
14084
16373
16173
13980
13553
12600
15660
14159
696817
105905
123840
91878
1656607
392590
450678
447299
1393131055
7478998
15839
13504
9676
12797
13226
7535
270249450
466021863
8805845506
16 round of counting
1946
765
1321
514
627
582
608
603
609
625
623
614
605
589
616
607
11939
917
788
1189
24167
1354
1138
1677
12278747
150445
659
611
573
597
613
542
555486
4808975
168488487
17 round of counting
19337
7943
10393
3195
5677
5763
7144
6076
5874
7269
7214
5921
5751
5601
6909
5847
317160
54118
60875
43249
767609
188650
215149
214317
666496984
3841257
7070
5679
4268
5654
5878
3274
148988633
240479694
4345152217
18 round of counting
19871
8099
10699
3244
5810
5845
7225
6207
6104
7492
7317
6149
5887
5740
7024
6075
318681
53266
61293
43535
770949
189165
215436
215147
674332278
3880309
7456
5930
4363
5876
6136
3471
151325337
245909246
4471843988
19 round of counting
456
189
353
156
170
173
165
163
176
170
166
171
178
164
174
171
4353
257
329
592
9062
483
563
898
8145425
60091
183
175
162
157
163
155
553792
4827102
128877058
20 round of counting
3
0
0
0
0
0
0
0
0
0
0
0
0
0
0
0
1
0
0
1
2
0
0
0
12451
118
4
0
0
0
0
1
811
7791
130344
21 round of counting
14
1
0
0
0
0
0
0
0
0
0
0
0
0
0
0
1
0
0
0
107
17
3
2
1061
277
13
0
1
0
0
3
18
11
49947
22 round of counting
44
7
0
0
0
0
0
0
2
0
0
0
0
0
0
0
4
0
0
0
178
9
1
1
25687
571
10
0
1
0
1
0
1312
7564
172464
23 round of counting
36787
12152
14002
5163
6463
6430
6611
7241
7005
8671
7146
6620
6842
5629
6767
6722
203758
19596
18315
21955
368484
42085
48003
45826
184829435
1293687
8324
5272
3931
4171
4513
3239
9312187
20776928
1187765979
24 round of counting
0
0
0
0
0
0
0
0
0
0
0
0
0
0
0
0
0
0
0
0
0
0
0
1
631
3
0
0
0
0
0
0
115
228
4784
25 round of counting
5011
2146
2972
891
1591
1587
1949
1701
1678
2054
2048
1691
1685
1587
1951
1696
86661
15291
16828
12262
223734
64824
71195
71223
285568263
1166699
1918
1575
1206
1597
1664
969
53298260
98305239
1684088513
26 round of counting
764
257
220
67
155
88
129
157
133
138
116
117
96
74
109
123
10902
1277
1699
1509
24174
5585
6573
6626
12596445
64853
148
152
79
146
136
55
1859868
2956958
64984346
27 round of counting
9043
3867
5525
1676
2829
3127
3776
3079
3041
3969
3967
3058
3045
3127
3780
3076
155693
29403
32271
21474
393533
108030
118995
119083
463440280
2098318
3752
2820
2149
2852
2994
1858
96945889
167210172
2821941367
28 round of counting
86
37
50
14
32
17
32
32
32
32
32
32
32
17
32
32
974
128
170
140
2368
454
670
652
1397585
11335
19
32
17
32
32
14
25022
325034
10597216
29 round of counting
5545
2309
3440
1238
1692
2513
2231
1621
1356
2167
2189
1591
1750
1991
2205
1705
92154
16810
18517
16291
209452
54082
58997
62271
204784994
1243531
2258
1557
1592
1815
1845
1390
58414196
165899112
3638421562
30 round of counting
0
0
0
0
0
0
0
0
0
0
0
0
0
0
0
0
0
0
0
0
0
0
0
0
0
0
0
0
0
0
0
0
0
0
0
31 round of counting
0
0
0
0
0
0
0
0
0
0
0
0
0
0
0
0
0
0
0
0
0
0
0
0
0
0
0
0
0
0
0
0
0
0
0
32 round of counting
0
0
0
0
0
0
0
0
0
0
0
0
0
0
0
0
0
0
0
0
0
0
0
0
0
0
0
0
0
0
0
0
0
0
0
33 round of counting
0
0
0
0
0
0
0
0
0
0
0
0
0
0
0
0
0
0
0
0
0
0
0
0
0
0
0
0
0
0
0
0
0
0
0
34 round of counting
0
0
0
0
0
0
0
0
0
0
0
0
0
0
0
0
0
0
0
0
0
0
0
0
0
0
0
0
0
0
0
0
0
0
0
35 round of counting
0
0
0
0
0
0
0
0
0
0
0
0
0
0
0
0
0
0
0
0
0
0
0
0
0
0
0
0
0
0
0
0
0
0
0
36 round of counting
0
0
0
0
0
0
0
0
0
0
0
0
0
0
0
0
0
0
0
0
0
0
0
0
0
0
0
0
0
0
0
0
0
0
0
